0.000000000000000000e+00 7.918635022382378708e-01 1.000000000000000056e-01
5.077321460347140603e-01 8.063176703345142915e-01 5.000000000000000278e-02
1.015464292069428121e+00 1.135725565362436740e+00 1.000000000000000056e-01
1.523196438104142292e+00 9.742540386096314453e-01 1.000000000000000056e-01
2.030928584138856241e+00 9.529127710030510512e-01 5.000000000000000278e-02
2.538660730173570190e+00 9.627411725510612861e-01 1.000000000000000056e-01
3.046392876208284584e+00 1.009282039290524846e+00 5.000000000000000278e-02
3.554125022242998533e+00 9.213382652638678616e-01 1.000000000000000056e-01
4.061857168277712482e+00 9.585420558955521919e-01 1.000000000000000056e-01
4.569589314312426431e+00 9.327173611261563302e-01 5.000000000000000278e-02
5.077321460347140381e+00 9.013378400290471548e-01 5.000000000000000278e-02
5.585053606381854330e+00 1.031642691713721582e+00 5.000000000000000278e-02
6.092785752416569167e+00 7.603576623622921860e-01 5.000000000000000278e-02
6.600517898451283116e+00 8.212763322960724421e-01 1.000000000000000056e-01
7.108250044485997066e+00 7.967644254292706174e-01 5.000000000000000278e-02
7.615982190520711015e+00 6.971615479789163849e-01 5.000000000000000278e-02
8.123714336555424964e+00 6.265031343042087864e-01 5.000000000000000278e-02
8.631446482590138913e+00 3.646900049272353561e-01 1.000000000000000056e-01
9.139178628624852863e+00 4.002406432655694069e-01 1.000000000000000056e-01
9.646910774659566812e+00 3.022743060284194816e-01 5.000000000000000278e-02
1.015464292069428076e+01 1.923498368421146798e-01 5.000000000000000278e-02
1.066237506672899471e+01 -5.982534110417460360e-02 1.000000000000000056e-01
1.117010721276370866e+01 -1.094207746582541996e-01 1.000000000000000056e-01
1.167783935879842261e+01 1.618383272964453168e-01 1.000000000000000056e-01
1.218557150483313833e+01 -1.605567974004612763e-01 5.000000000000000278e-02
1.269330365086785228e+01 -3.079759118280938623e-01 5.000000000000000278e-02
1.320103579690256623e+01 -3.862529151379611170e-01 1.000000000000000056e-01
1.370876794293728018e+01 -5.408757081988458948e-01 5.000000000000000278e-02
1.421650008897199413e+01 -5.321240516579369695e-01 1.000000000000000056e-01
1.472423223500670808e+01 -7.797165064686207847e-01 5.000000000000000278e-02
1.523196438104142203e+01 -9.548111421585694369e-01 1.000000000000000056e-01
1.573969652707613598e+01 -8.388199530673017268e-01 1.000000000000000056e-01
1.624742867311084993e+01 -7.679542365925426939e-01 5.000000000000000278e-02
1.675516081914556565e+01 -9.432128917073624441e-01 1.000000000000000056e-01
1.726289296518027783e+01 -9.029964879882644846e-01 5.000000000000000278e-02
1.777062511121499355e+01 -9.399877014398300146e-01 5.000000000000000278e-02
1.827835725724970573e+01 -9.389108149267276771e-01 1.000000000000000056e-01
1.878608940328442145e+01 -9.933952302336929163e-01 5.000000000000000278e-02
1.929382154931913362e+01 -9.246082670786522906e-01 1.000000000000000056e-01
1.980155369535384935e+01 -9.906591396224023738e-01 5.000000000000000278e-02
2.030928584138856152e+01 -1.042109053137598718e+00 1.000000000000000056e-01
2.081701798742327725e+01 -9.163051599963573102e-01 1.000000000000000056e-01
2.132475013345798942e+01 -7.778005198287860633e-01 1.000000000000000056e-01
2.183248227949270515e+01 -8.646331476197623989e-01 5.000000000000000278e-02
2.234021442552741732e+01 -1.007238224402863480e+00 1.000000000000000056e-01
2.284794657156213304e+01 -6.593720006876258033e-01 1.000000000000000056e-01
2.335567871759684522e+01 -6.633518831625180301e-01 1.000000000000000056e-01
2.386341086363156094e+01 -5.806764298554403236e-01 5.000000000000000278e-02
2.437114300966627667e+01 -4.433782347537070234e-01 5.000000000000000278e-02
2.487887515570098884e+01 -4.561257967161290727e-01 1.000000000000000056e-01
2.538660730173570457e+01 -3.332845985683396961e-01 1.000000000000000056e-01
2.589433944777041674e+01 -1.344490908009124408e-01 5.000000000000000278e-02
2.640207159380513247e+01 -2.456775788533809013e-02 1.000000000000000056e-01
2.690980373983984464e+01 1.388167405584065373e-01 5.000000000000000278e-02
2.741753588587456036e+01 2.491378127802493514e-01 5.000000000000000278e-02
2.792526803190927254e+01 1.294129707042279975e-01 1.000000000000000056e-01
2.843300017794398826e+01 4.126301598413320559e-01 1.000000000000000056e-01
2.894073232397870044e+01 3.348267245456239549e-01 1.000000000000000056e-01
2.944846447001341616e+01 5.109766194396261341e-01 5.000000000000000278e-02
2.995619661604812833e+01 7.215836711093468470e-01 1.000000000000000056e-01
3.046392876208284406e+01 6.242637292319348497e-01 1.000000000000000056e-01
3.097166090811755623e+01 8.246593608209935589e-01 1.000000000000000056e-01
3.147939305415227196e+01 8.043900868905916601e-01 5.000000000000000278e-02
3.198712520018698413e+01 7.794056051752095149e-01 5.000000000000000278e-02
3.249485734622169986e+01 9.075780297111910588e-01 5.000000000000000278e-02
3.300258949225641203e+01 1.008582801910586912e+00 1.000000000000000056e-01
3.351032163829113131e+01 9.885724439271483810e-01 5.000000000000000278e-02
3.401805378432584348e+01 1.019468421672016678e+00 5.000000000000000278e-02
3.452578593036055565e+01 9.794741101377203440e-01 5.000000000000000278e-02
3.503351807639526783e+01 1.019500359254931654e+00 1.000000000000000056e-01
3.554125022242998710e+01 1.015043234160314389e+00 1.000000000000000056e-01
3.604898236846469928e+01 1.068340924985043516e+00 5.000000000000000278e-02
3.655671451449941145e+01 8.096188821241504519e-01 1.000000000000000056e-01
3.706444666053412362e+01 9.076270199027084429e-01 1.000000000000000056e-01
3.757217880656884290e+01 6.042781013419171732e-01 1.000000000000000056e-01
3.807991095260355507e+01 7.466072916024142359e-01 5.000000000000000278e-02
3.858764309863826725e+01 7.398821897039307149e-01 1.000000000000000056e-01
3.909537524467297942e+01 7.863209054465900572e-01 1.000000000000000056e-01
3.960310739070769870e+01 4.670447725774572456e-01 5.000000000000000278e-02
4.011083953674241087e+01 4.232718288261980155e-01 1.000000000000000056e-01
4.061857168277712304e+01 2.783011540224522018e-01 5.000000000000000278e-02
4.112630382881184232e+01 7.207730955407870566e-02 1.000000000000000056e-01
4.163403597484655450e+01 1.990345850256322602e-02 1.000000000000000056e-01
4.214176812088126667e+01 -3.841648833404931462e-03 1.000000000000000056e-01
4.264950026691597884e+01 -1.037330492203632215e-01 1.000000000000000056e-01
4.315723241295069812e+01 -2.128056073276709537e-01 5.000000000000000278e-02
4.366496455898541029e+01 -2.857037259502767101e-01 5.000000000000000278e-02
4.417269670502012247e+01 -3.516795102512182414e-01 5.000000000000000278e-02
4.468042885105483464e+01 -4.009703316897136327e-01 5.000000000000000278e-02
4.518816099708955392e+01 -5.822758393920824949e-01 5.000000000000000278e-02
4.569589314312426609e+01 -6.793072619847115856e-01 5.000000000000000278e-02
4.620362528915897826e+01 -5.447514166368883082e-01 1.000000000000000056e-01
4.671135743519369043e+01 -6.645146220531721326e-01 5.000000000000000278e-02
4.721908958122840971e+01 -8.599843072067151484e-01 5.000000000000000278e-02
4.772682172726312189e+01 -9.255556866532654858e-01 1.000000000000000056e-01
4.823455387329783406e+01 -8.392904650805765865e-01 5.000000000000000278e-02
4.874228601933255334e+01 -8.929500264423050337e-01 5.000000000000000278e-02
4.925001816536726551e+01 -1.055046494014695524e+00 1.000000000000000056e-01
4.975775031140197768e+01 -1.086837013429895249e+00 5.000000000000000278e-02
5.026548245743668986e+01 -1.051841251651340903e+00 5.000000000000000278e-02
