# lambda 	 y 	 sigma_y
4.500000000000000000e+03 1.002900304496042954e+05 3.162278427020618778e+02
4.500700700700700509e+03 9.981540500639105448e+04 3.162278427020618778e+02
4.501401401401401017e+03 9.989666062574204989e+04 3.162278427020618778e+02
4.502102102102102435e+03 9.984537498309809598e+04 3.162278427020618778e+02
4.502802802802802944e+03 9.948368145437387284e+04 3.162278427020618778e+02
4.503503503503503453e+03 9.996882855186607048e+04 3.162278427020618778e+02
4.504204204204203961e+03 1.003274493980728148e+05 3.162278427020618778e+02
4.504904904904904470e+03 1.000497584095839411e+05 3.162278427020618778e+02
4.505605605605605888e+03 9.998114412816190452e+04 3.162278427020618778e+02
4.506306306306306396e+03 9.991462029027221433e+04 3.162278427020618778e+02
4.507007007007006905e+03 9.999610631424038729e+04 3.162278427020618778e+02
4.507707707707707414e+03 1.000133434344600391e+05 3.162278427020618778e+02
4.508408408408408832e+03 9.987967140992742497e+04 3.162278427020618778e+02
4.509109109109109340e+03 1.000040054724680085e+05 3.162278427020618778e+02
4.509809809809809849e+03 1.004837718886919465e+05 3.162278427020618778e+02
4.510510510510510358e+03 9.999208388235399616e+04 3.162278427020618778e+02
4.511211211211210866e+03 9.936627694196003722e+04 3.162278427020618778e+02
4.511911911911912284e+03 9.982716991874021187e+04 3.162278427020618778e+02
4.512612612612612793e+03 9.919078497050446458e+04 3.162278427020618778e+02
4.513313313313313301e+03 9.977855148546434066e+04 3.162278427020618778e+02
4.514014014014013810e+03 1.003483777819225215e+05 3.162278427020618778e+02
4.514714714714714319e+03 9.990227185776161787e+04 3.162278427020618778e+02
4.515415415415415737e+03 1.001980668469726224e+05 3.162278427020618778e+02
4.516116116116116245e+03 9.976782689863012638e+04 3.162278427020618778e+02
4.516816816816816754e+03 9.970437403424989316e+04 3.162278427020618778e+02
4.517517517517517263e+03 1.003462021886447328e+05 3.162278427020618778e+02
4.518218218218217771e+03 9.978758393158299441e+04 3.162278427020618778e+02
4.518918918918919189e+03 9.982011405778407061e+04 3.162278427020618778e+02
4.519619619619619698e+03 1.000017050429338706e+05 3.162278427020618778e+02
4.520320320320320207e+03 1.000002671246877289e+05 3.162278427020618778e+02
4.521021021021020715e+03 1.001993834647771437e+05 3.162278427020618778e+02
4.521721721721722133e+03 1.001421118031033839e+05 3.162278427020618778e+02
4.522422422422422642e+03 9.993620291473231919e+04 3.162278427020618778e+02
4.523123123123123150e+03 9.996527324145153398e+04 3.162278427020618778e+02
4.523823823823823659e+03 1.000767851902401453e+05 3.162278427020618778e+02
4.524524524524524168e+03 9.972935568879492348e+04 3.162278427020618778e+02
4.525225225225225586e+03 9.994565137228820822e+04 3.162278427020618778e+02
4.525925925925926094e+03 1.001296239982921979e+05 3.162278427020618778e+02
4.526626626626626603e+03 1.002038291194567864e+05 3.162278427020618778e+02
4.527327327327327112e+03 1.001600318138403090e+05 3.162278427020618778e+02
4.528028028028027620e+03 9.965425181548944965e+04 3.162278427020618778e+02
4.528728728728729038e+03 1.000469398666893103e+05 3.162278427020618778e+02
4.529429429429429547e+03 9.983987731482708477e+04 3.162278427020618778e+02
4.530130130130130055e+03 1.004653332241794415e+05 3.162278427020618778e+02
4.530830830830830564e+03 9.975651119508770353e+04 3.162278427020618778e+02
4.531531531531531982e+03 9.988572817052477330e+04 3.162278427020618778e+02
4.532232232232232491e+03 1.004420397887905128e+05 3.162278427020618778e+02
4.532932932932932999e+03 1.002091172139018308e+05 3.162278427020618778e+02
4.533633633633633508e+03 9.943209516514776624e+04 3.162278427020618778e+02
4.534334334334334017e+03 9.988432258901165915e+04 3.162278427020618778e+02
4.535035035035035435e+03 9.984340636534961232e+04 3.162278427020618778e+02
4.535735735735735943e+03 9.980119932356663048e+04 3.162278427020618778e+02
4.536436436436436452e+03 9.994387314469856210e+04 3.162278427020618778e+02
4.537137137137136961e+03 9.958267168160600704e+04 3.162278427020618778e+02
4.537837837837837469e+03 1.000429625548006879e+05 3.162278427020618778e+02
4.538538538538538887e+03 9.980004906576086069e+04 3.162278427020618778e+02
4.539239239239239396e+03 9.989631067266574246e+04 3.162278427020618778e+02
4.539939939939939904e+03 1.002303427902614203e+05 3.162278427020618778e+02
4.540640640640640413e+03 9.930215205086024071e+04 3.162278427020618778e+02
4.541341341341340922e+03 1.002293895096114575e+05 3.162278427020618778e+02
4.542042042042042340e+03 9.991570886056317249e+04 3.162278427020618778e+02
4.542742742742742848e+03 9.999962721164623508e+04 3.162278427020618778e+02
4.543443443443443357e+03 9.977992861520490260e+04 3.162278427020618778e+02
4.544144144144143866e+03 1.002007010822729935e+05 3.162278427020618778e+02
4.544844844844845284e+03 9.950118213881840347e+04 3.162278427020618778e+02
4.545545545545545792e+03 1.006053947060423234e+05 3.162278427020618778e+02
4.546246246246246301e+03 9.980467753476726648e+04 3.162278427020618778e+02
4.546946946946946809e+03 9.959316305556135194e+04 3.162278427020618778e+02
4.547647647647647318e+03 9.974540770212700590e+04 3.162278427020618778e+02
4.548348348348348736e+03 1.000727753868160798e+05 3.162278427020618778e+02
4.549049049049049245e+03 9.995880177154943522e+04 3.162278427020618778e+02
4.549749749749749753e+03 1.004195608712151734e+05 3.162278427020618778e+02
4.550450450450450262e+03 9.981317405935206625e+04 3.162278427020618778e+02
4.551151151151150771e+03 9.975866051503187919e+04 3.162278427020618778e+02
4.551851851851852189e+03 9.976037773918367748e+04 3.162278427020618778e+02
4.552552552552552697e+03 1.000922486215646204e+05 3.162278427020618778e+02
4.553253253253253206e+03 9.941191440194843744e+04 3.162278427020618778e+02
4.553953953953953715e+03 9.934513576305058086e+04 3.162278427020618778e+02
4.554654654654654223e+03 1.005758643023526965e+05 3.162278427020618778e+02
4.555355355355355641e+03 9.974298235250260041e+04 3.162278427020618778e+02
4.556056056056056150e+03 1.001024690133604308e+05 3.162278427020618778e+02
4.556756756756756658e+03 9.959375913881993620e+04 3.162278427020618778e+02
4.557457457457457167e+03 9.983837983770579740e+04 3.162278427020618778e+02
4.558158158158158585e+03 9.970317493011079205e+04 3.162278427020618778e+02
4.558858858858859094e+03 1.004690145608697785e+05 3.162278427020618778e+02
4.559559559559559602e+03 9.984498713234323077e+04 3.162278427020618778e+02
4.560260260260260111e+03 9.965482903111395717e+04 3.162278427020618778e+02
4.560960960960960620e+03 9.955701052285589685e+04 3.162278427020618778e+02
4.561661661661662038e+03 1.005139872689155745e+05 3.162278427020618778e+02
4.562362362362362546e+03 1.001665738463535381e+05 3.162278427020618778e+02
4.563063063063063055e+03 9.943565136331864051e+04 3.162278427020618778e+02
4.563763763763763563e+03 9.996923586195921234e+04 3.162278427020618778e+02
4.564464464464464072e+03 9.990735508115365519e+04 3.162278427020618778e+02
4.565165165165165490e+03 1.000262909940255340e+05 3.162278427020618778e+02
4.565865865865865999e+03 1.001481609761072614e+05 3.162278427020618778e+02
4.566566566566566507e+03 1.000094491982515028e+05 3.162278427020618778e+02
4.567267267267267016e+03 9.955297431902836252e+04 3.162278427020618778e+02
4.567967967967967525e+03 1.003189946533351322e+05 3.162278427020618778e+02
4.568668668668668943e+03 1.000483010763901257e+05 3.162278427020618778e+02
4.569369369369369451e+03 1.002866318973995803e+05 3.162278427020618778e+02
4.570070070070069960e+03 1.003210111115610634e+05 3.162278427020618778e+02
4.570770770770770469e+03 9.946865140543738380e+04 3.162278427020618778e+02
4.571471471471471887e+03 1.000191004412500624e+05 3.162278427020618778e+02
4.572172172172172395e+03 9.977157603329373524e+04 3.162278427020618778e+02
4.572872872872872904e+03 1.004558058266402513e+05 3.162278427020618778e+02
4.573573573573573412e+03 1.005333298690365045e+05 3.162278427020618778e+02
4.574274274274273921e+03 9.997285066155085224e+04 3.162278427020618778e+02
4.574974974974975339e+03 1.001469221141541348e+05 3.162278427020618778e+02
4.575675675675675848e+03 1.002636307512334897e+05 3.162278427020618778e+02
4.576376376376376356e+03 9.996319856619293569e+04 3.162278427020618778e+02
4.577077077077076865e+03 1.000386106614810706e+05 3.162278427020618778e+02
4.577777777777777374e+03 1.007071594690189522e+05 3.162278427020618778e+02
4.578478478478478792e+03 1.005310194914691820e+05 3.162278427020618778e+02
4.579179179179179300e+03 9.936293375054605713e+04 3.162278427020618778e+02
4.579879879879879809e+03 9.944302466767966689e+04 3.162278427020618778e+02
4.580580580580580317e+03 9.981887273143723723e+04 3.162278427020618778e+02
4.581281281281280826e+03 9.944605182173679350e+04 3.162278427020618778e+02
4.581981981981982244e+03 9.951349379421422782e+04 3.162278427020618778e+02
4.582682682682682753e+03 1.006317343736876646e+05 3.162278427020618778e+02
4.583383383383383261e+03 1.000376312429245154e+05 3.162278427020618778e+02
4.584084084084083770e+03 9.977613144970514986e+04 3.162278427020618778e+02
4.584784784784785188e+03 1.001319116965474532e+05 3.162278427020618778e+02
4.585485485485485697e+03 1.002316812748145458e+05 3.162278427020618778e+02
4.586186186186186205e+03 1.002570771044304420e+05 3.162278427020618778e+02
4.586886886886886714e+03 1.002861410644020216e+05 3.162278427020618778e+02
4.587587587587587223e+03 1.003519454307130654e+05 3.162278427020618778e+02
4.588288288288288641e+03 1.003159698123510607e+05 3.162278427020618778e+02
4.588988988988989149e+03 9.928489989577596134e+04 3.162278427020618778e+02
4.589689689689689658e+03 1.001648137643976952e+05 3.162278427020618778e+02
4.590390390390390166e+03 1.002352418537376216e+05 3.162278427020618778e+02
4.591091091091090675e+03 9.999222897287456726e+04 3.162278427020618778e+02
4.591791791791792093e+03 9.998497879392131290e+04 3.162278427020618778e+02
4.592492492492492602e+03 9.933413486802706029e+04 3.162278427020618778e+02
4.593193193193193110e+03 9.989484825253440067e+04 3.162278427020618778e+02
4.593893893893893619e+03 1.002483323527622561e+05 3.162278427020618778e+02
4.594594594594595037e+03 1.000388903574935684e+05 3.162278427020618778e+02
4.595295295295295546e+03 9.942731796074809972e+04 3.162278427020618778e+02
4.595995995995996054e+03 9.985708962758866255e+04 3.162278427020618778e+02
4.596696696696696563e+03 1.001665374200024962e+05 3.162278427020618778e+02
4.597397397397397071e+03 1.001613749193541589e+05 3.162278427020618778e+02
4.598098098098098490e+03 9.979365135137957986e+04 3.162278427020618778e+02
4.598798798798798998e+03 1.002290612820431124e+05 3.162278427020618778e+02
4.599499499499499507e+03 1.002871084051373327e+05 3.162278427020618778e+02
4.600200200200200015e+03 9.983434152666000591e+04 3.162278427020618778e+02
4.600900900900900524e+03 1.002151343178878160e+05 3.162278427020618778e+02
4.601601601601601942e+03 9.986980228803872888e+04 3.162278427020618778e+02
4.602302302302302451e+03 1.005565381719715224e+05 3.162278427020618778e+02
4.603003003003002959e+03 9.981941395707215997e+04 3.162278427020618778e+02
4.603703703703703468e+03 9.993827571535509196e+04 3.162278427020618778e+02
4.604404404404403977e+03 1.001632240330294881e+05 3.162278427020618778e+02
4.605105105105105395e+03 9.980496011920535238e+04 3.162278427020618778e+02
4.605805805805805903e+03 9.987389775759201439e+04 3.162278427020618778e+02
4.606506506506506412e+03 1.000727143726160575e+05 3.162278427020618778e+02
4.607207207207206920e+03 1.003517987810899067e+05 3.162278427020618778e+02
4.607907907907908339e+03 9.941237109141916153e+04 3.162278427020618778e+02
4.608608608608608847e+03 1.003692690584674856e+05 3.162278427020618778e+02
4.609309309309309356e+03 1.004351141535443749e+05 3.162278427020618778e+02
4.610010010010009864e+03 9.988655226116759877e+04 3.162278427020618778e+02
4.610710710710710373e+03 9.943516903785112663e+04 3.162278427020618778e+02
4.611411411411411791e+03 9.965365155986063473e+04 3.162278427020618778e+02
4.612112112112112300e+03 9.994938426250872726e+04 3.162278427020618778e+02
4.612812812812812808e+03 9.990263858350299415e+04 3.162278427020618778e+02
4.613513513513513317e+03 9.931923481491689745e+04 3.162278427020618778e+02
4.614214214214213825e+03 9.995779773040975851e+04 3.162278427020618778e+02
4.614914914914915244e+03 1.000628748237575055e+05 3.162278427020618778e+02
4.615615615615615752e+03 9.977361867863807129e+04 3.162278427020618778e+02
4.616316316316316261e+03 9.938197866232405067e+04 3.162278427020618778e+02
4.617017017017016769e+03 1.002467077082848264e+05 3.162278427020618778e+02
4.617717717717717278e+03 1.003946709246897371e+05 3.162278427020618778e+02
4.618418418418418696e+03 9.937951370563624369e+04 3.162278427020618778e+02
4.619119119119119205e+03 9.957463884999456059e+04 3.162278427020618778e+02
4.619819819819819713e+03 9.958103981365327490e+04 3.162278427020618778e+02
4.620520520520520222e+03 1.000003323127760959e+05 3.162278427020618778e+02
4.621221221221221640e+03 9.972785079676029272e+04 3.162278427020618778e+02
4.621921921921922149e+03 9.971932312915025977e+04 3.162278427020618778e+02
4.622622622622622657e+03 9.996107866535200446e+04 3.162278427020618778e+02
4.623323323323323166e+03 1.001114030104352714e+05 3.162278427020618778e+02
4.624024024024023674e+03 1.000169497885557212e+05 3.162278427020618778e+02
4.624724724724725093e+03 9.966212628353612672e+04 3.162278427020618778e+02
4.625425425425425601e+03 1.002595269542812457e+05 3.162278427020618778e+02
4.626126126126126110e+03 1.001583083426359372e+05 3.162278427020618778e+02
4.626826826826826618e+03 9.983748149393737549e+04 3.162278427020618778e+02
4.627527527527527127e+03 1.000150674530176184e+05 3.162278427020618778e+02
4.628228228228228545e+03 1.000067107681980124e+05 3.162278427020618778e+02
4.628928928928929054e+03 1.003821695187373116e+05 3.162278427020618778e+02
4.629629629629629562e+03 1.001732001282439160e+05 3.162278427020618778e+02
4.630330330330330071e+03 1.001650779787056817e+05 3.162278427020618778e+02
4.631031031031030579e+03 9.923639867862629762e+04 3.162278427020618778e+02
4.631731731731731998e+03 1.000163279757556447e+05 3.162278427020618778e+02
4.632432432432432506e+03 9.996428851061823661e+04 3.162278427020618778e+02
4.633133133133133015e+03 1.003171932865123817e+05 3.162278427020618778e+02
4.633833833833833523e+03 1.004297538184066070e+05 3.162278427020618778e+02
4.634534534534534941e+03 9.972897432275224128e+04 3.162278427020618778e+02
4.635235235235235450e+03 1.002671986269544577e+05 3.162278427020618778e+02
4.635935935935935959e+03 9.980370639941662375e+04 3.162278427020618778e+02
4.636636636636636467e+03 1.001347437025753898e+05 3.162278427020618778e+02
4.637337337337336976e+03 1.004623388785356219e+05 3.162278427020618778e+02
4.638038038038038394e+03 1.001226505747019110e+05 3.162278427020618778e+02
4.638738738738738903e+03 9.997454174006714311e+04 3.162278427020618778e+02
4.639439439439439411e+03 1.000684187499317486e+05 3.162278427020618778e+02
4.640140140140139920e+03 1.002022227982623008e+05 3.162278427020618778e+02
4.640840840840840428e+03 1.000869465550031746e+05 3.162278427020618778e+02
4.641541541541541847e+03 9.964335992341916426e+04 3.162278427020618778e+02
4.642242242242242355e+03 9.982555598096364702e+04 3.162278427020618778e+02
4.642942942942942864e+03 9.999365285000466974e+04 3.162278427020618778e+02
4.643643643643643372e+03 9.998793096839010832e+04 3.162278427020618778e+02
4.644344344344344790e+03 9.975738519057216763e+04 3.162278427020618778e+02
4.645045045045045299e+03 1.000935792939839303e+05 3.162278427020618778e+02
4.645745745745745808e+03 9.982859675409120973e+04 3.162278427020618778e+02
4.646446446446446316e+03 9.999664198057347676e+04 3.162278427020618778e+02
4.647147147147146825e+03 9.989362244495218329e+04 3.162278427020618778e+02
4.647847847847848243e+03 9.996103505847275665e+04 3.162278427020618778e+02
4.648548548548548752e+03 1.005278011030500056e+05 3.162278427020618778e+02
4.649249249249249260e+03 1.001611709103975882e+05 3.162278427020618778e+02
4.649949949949949769e+03 1.002032653034490068e+05 3.162278427020618778e+02
4.650650650650650277e+03 1.000882317092452722e+05 3.162278427020618778e+02
4.651351351351351695e+03 1.007566739545313758e+05 3.162278427020618778e+02
4.652052052052052204e+03 1.000105077726799354e+05 3.162278427020618778e+02
4.652752752752752713e+03 9.994054456495033810e+04 3.162278427020618778e+02
4.653453453453453221e+03 1.002014562189181597e+05 3.162278427020618778e+02
4.654154154154153730e+03 9.973778221305027546e+04 3.162278427020618778e+02
4.654854854854855148e+03 9.961203165562094364e+04 3.162278427020618778e+02
4.655555555555555657e+03 9.996758229262115492e+04 3.162278427020618778e+02
4.656256256256256165e+03 9.992301658226292056e+04 3.162278427020618778e+02
4.656956956956956674e+03 1.000559097428364330e+05 3.162278427020618778e+02
4.657657657657658092e+03 9.985757735282488284e+04 3.162278427020618778e+02
4.658358358358358601e+03 1.003521312302708393e+05 3.162278427020618778e+02
4.659059059059059109e+03 1.001214192763183091e+05 3.162278427020618778e+02
4.659759759759759618e+03 9.915399661401842604e+04 3.162278427020618778e+02
4.660460460460460126e+03 1.000602824786818674e+05 3.162278427020618778e+02
4.661161161161161544e+03 1.007505833992536936e+05 3.162278427020618778e+02
4.661861861861862053e+03 1.001975541805727407e+05 3.162278427020618778e+02
4.662562562562562562e+03 9.998499188334267819e+04 3.162278427020618778e+02
4.663263263263263070e+03 9.948318632370975683e+04 3.162278427020618778e+02
4.663963963963963579e+03 1.005348369496175001e+05 3.162278427020618778e+02
4.664664664664664997e+03 9.984735171037010150e+04 3.162278427020618778e+02
4.665365365365365506e+03 1.003086983573035541e+05 3.162278427020618778e+02
4.666066066066066014e+03 1.001380142804420175e+05 3.162278427020618778e+02
4.666766766766766523e+03 1.002637434943252301e+05 3.162278427020618778e+02
4.667467467467467031e+03 9.931612127379146114e+04 3.162278427020618778e+02
4.668168168168168449e+03 1.000499541594135226e+05 3.162278427020618778e+02
4.668868868868868958e+03 1.001764259622013196e+05 3.162278427020618778e+02
4.669569569569569467e+03 9.990491701901062333e+04 3.162278427020618778e+02
4.670270270270269975e+03 1.001879379914157471e+05 3.162278427020618778e+02
4.670970970970971393e+03 1.002475829247923102e+05 3.162278427020618778e+02
4.671671671671671902e+03 1.002926083915166819e+05 3.162278427020618778e+02
4.672372372372372411e+03 9.911447351875412278e+04 3.162278427020618778e+02
4.673073073073072919e+03 9.961821479963320598e+04 3.162278427020618778e+02
4.673773773773773428e+03 1.007069757384960540e+05 3.162278427020618778e+02
4.674474474474474846e+03 1.004150029027381534e+05 3.162278427020618778e+02
4.675175175175175355e+03 9.942570808740409848e+04 3.162278427020618778e+02
4.675875875875875863e+03 9.978584335326006112e+04 3.162278427020618778e+02
4.676576576576576372e+03 1.002173968081150961e+05 3.162278427020618778e+02
4.677277277277276880e+03 1.001645454870538379e+05 3.162278427020618778e+02
4.677977977977978298e+03 9.994939904852940526e+04 3.162278427020618778e+02
4.678678678678678807e+03 9.984636340609422768e+04 3.162278427020618778e+02
4.679379379379379316e+03 9.991660489478099043e+04 3.162278427020618778e+02
4.680080080080079824e+03 1.002911540437283547e+05 3.162278427020618778e+02
4.680780780780780333e+03 1.001919100978634233e+05 3.162278427020618778e+02
4.681481481481481751e+03 9.991810888055519899e+04 3.162278427020618778e+02
4.682182182182182260e+03 9.987053009255662619e+04 3.162278427020618778e+02
4.682882882882882768e+03 9.938858081302391656e+04 3.162278427020618778e+02
4.683583583583583277e+03 1.000218233500994538e+05 3.162278427020618778e+02
4.684284284284284695e+03 1.002551922633823997e+05 3.162278427020618778e+02
4.684984984984985203e+03 9.995291081891481008e+04 3.162278427020618778e+02
4.685685685685685712e+03 9.960535563667977112e+04 3.162278427020618778e+02
4.686386386386386221e+03 9.977294511634873925e+04 3.162278427020618778e+02
4.687087087087086729e+03 9.979534997302593547e+04 3.162278427020618778e+02
4.687787787787788147e+03 1.000512110668033420e+05 3.162278427020618778e+02
4.688488488488488656e+03 9.962896049219911220e+04 3.162278427020618778e+02
4.689189189189189165e+03 1.000298431542483304e+05 3.162278427020618778e+02
4.689889889889889673e+03 9.981499134247141774e+04 3.162278427020618778e+02
4.690590590590590182e+03 9.981940001651481725e+04 3.162278427020618778e+02
4.691291291291291600e+03 1.002993945519496483e+05 3.162278427020618778e+02
4.691991991991992109e+03 1.003955108341239975e+05 3.162278427020618778e+02
4.692692692692692617e+03 9.992820594743394759e+04 3.162278427020618778e+02
4.693393393393393126e+03 9.969240414110227721e+04 3.162278427020618778e+02
4.694094094094094544e+03 9.935934859647884150e+04 3.162278427020618778e+02
4.694794794794795052e+03 1.000346583050625632e+05 3.162278427020618778e+02
4.695495495495495561e+03 1.002699785893805238e+05 3.162278427020618778e+02
4.696196196196196070e+03 9.988661430513113737e+04 3.162278427020618778e+02
4.696896896896896578e+03 1.004837127674540097e+05 3.162278427020618778e+02
4.697597597597597996e+03 9.992003135961388762e+04 3.162278427020618778e+02
4.698298298298298505e+03 1.004579422012060968e+05 3.162278427020618778e+02
4.698998998998999014e+03 9.966379846211460244e+04 3.162278427020618778e+02
4.699699699699699522e+03 1.000968861830532987e+05 3.162278427020618778e+02
4.700400400400400031e+03 1.000253741400948202e+05 3.162278427020618778e+02
4.701101101101101449e+03 9.988999986735131824e+04 3.162278427020618778e+02
4.701801801801801957e+03 9.981538643274258357e+04 3.162278427020618778e+02
4.702502502502502466e+03 1.004520820369052381e+05 3.162278427020618778e+02
4.703203203203202975e+03 1.005824163488819613e+05 3.162278427020618778e+02
4.703903903903903483e+03 9.956734256168357388e+04 3.162278427020618778e+02
4.704604604604604901e+03 1.003846707103279768e+05 3.162278427020618778e+02
4.705305305305305410e+03 9.982325927593698725e+04 3.162278427020618778e+02
4.706006006006005919e+03 9.918142442236642819e+04 3.162278427020618778e+02
4.706706706706706427e+03 1.001781448709650722e+05 3.162278427020618778e+02
4.707407407407406936e+03 1.003751677819757315e+05 3.162278427020618778e+02
4.708108108108108354e+03 1.004460499913985841e+05 3.162278427020618778e+02
4.708808808808808863e+03 1.000872131164990278e+05 3.162278427020618778e+02
4.709509509509509371e+03 1.000837703898741311e+05 3.162278427020618778e+02
4.710210210210209880e+03 1.002696536328537331e+05 3.162278427020618778e+02
4.710910910910911298e+03 9.969753279463012586e+04 3.162278427020618778e+02
4.711611611611611806e+03 9.993924840135831619e+04 3.162278427020618778e+02
4.712312312312312315e+03 1.001672541842998326e+05 3.162278427020618778e+02
4.713013013013012824e+03 1.000513923347668751e+05 3.162278427020618778e+02
4.713713713713713332e+03 1.002448456848307396e+05 3.162278427020618778e+02
4.714414414414414750e+03 9.966162554846805870e+04 3.162278427020618778e+02
4.715115115115115259e+03 9.999653395160344371e+04 3.162278427020618778e+02
4.715815815815815768e+03 9.966984898450308538e+04 3.162278427020618778e+02
4.716516516516516276e+03 9.971319444657117128e+04 3.162278427020618778e+02
4.717217217217216785e+03 9.927689551722155011e+04 3.162278427020618778e+02
4.717917917917918203e+03 9.996727574103641382e+04 3.162278427020618778e+02
4.718618618618618711e+03 9.987974609445093665e+04 3.162278427020618778e+02
4.719319319319319220e+03 1.003061080312826816e+05 3.162278427020618778e+02
4.720020020020019729e+03 9.990725186035968363e+04 3.162278427020618778e+02
4.720720720720721147e+03 9.950777809149799577e+04 3.162278427020618778e+02
4.721421421421421655e+03 1.002781416767719493e+05 3.162278427020618778e+02
4.722122122122122164e+03 9.980926500863042020e+04 3.162278427020618778e+02
4.722822822822822673e+03 1.000938983566228417e+05 3.162278427020618778e+02
4.723523523523523181e+03 1.001562183108448371e+05 3.162278427020618778e+02
4.724224224224224599e+03 9.984452128230484959e+04 3.162278427020618778e+02
4.724924924924925108e+03 1.000203617285419168e+05 3.162278427020618778e+02
4.725625625625625617e+03 1.004016415118637524e+05 3.162278427020618778e+02
4.726326326326326125e+03 9.963848029328213306e+04 3.162278427020618778e+02
4.727027027027026634e+03 1.000849081166074320e+05 3.162278427020618778e+02
4.727727727727728052e+03 9.995805066722899210e+04 3.162278427020618778e+02
4.728428428428428560e+03 1.000198691246632952e+05 3.162278427020618778e+02
4.729129129129129069e+03 9.978522967047840939e+04 3.162278427020618778e+02
4.729829829829829578e+03 1.004219696449632902e+05 3.162278427020618778e+02
4.730530530530530086e+03 1.003997096608963475e+05 3.162278427020618778e+02
4.731231231231231504e+03 9.947467288127231586e+04 3.162278427020618778e+02
4.731931931931932013e+03 1.002365046730715112e+05 3.162278427020618778e+02
4.732632632632632522e+03 9.954941860014290432e+04 3.162278427020618778e+02
4.733333333333333030e+03 9.995171867183723953e+04 3.162278427020618778e+02
4.734034034034034448e+03 1.002451695306898328e+05 3.162278427020618778e+02
4.734734734734734957e+03 9.988981020129946410e+04 3.162278427020618778e+02
4.735435435435435465e+03 9.976363787114090519e+04 3.162278427020618778e+02
4.736136136136135974e+03 9.975727686858084053e+04 3.162278427020618778e+02
4.736836836836836483e+03 9.993322623962456419e+04 3.162278427020618778e+02
4.737537537537537901e+03 1.001528025858750916e+05 3.162278427020618778e+02
4.738238238238238409e+03 9.970262085169958300e+04 3.162278427020618778e+02
4.738938938938938918e+03 9.896225384550634772e+04 3.162278427020618778e+02
4.739639639639639427e+03 1.000637979699596908e+05 3.162278427020618778e+02
4.740340340340339935e+03 9.991402299539381056e+04 3.162278427020618778e+02
4.741041041041041353e+03 9.997784301742969546e+04 3.162278427020618778e+02
4.741741741741741862e+03 9.918293983733425557e+04 3.162278427020618778e+02
4.742442442442442371e+03 9.957312694576851209e+04 3.162278427020618778e+02
4.743143143143142879e+03 1.000123661027855997e+05 3.162278427020618778e+02
4.743843843843844297e+03 1.001578447413488611e+05 3.162278427020618778e+02
4.744544544544544806e+03 1.003556844629901316e+05 3.162278427020618778e+02
4.745245245245245314e+03 1.001631907619271951e+05 3.162278427020618778e+02
4.745945945945945823e+03 9.934714712057166616e+04 3.162278427020618778e+02
4.746646646646646332e+03 1.001845901991491264e+05 3.162278427020618778e+02
4.747347347347347750e+03 9.991535787696520856e+04 3.162278427020618778e+02
4.748048048048048258e+03 9.982259069006568461e+04 3.162278427020618778e+02
4.748748748748748767e+03 1.006713782559961692e+05 3.162278427020618778e+02
4.749449449449449276e+03 9.939796644944963919e+04 3.162278427020618778e+02
4.750150150150149784e+03 9.983457520976559317e+04 3.162278427020618778e+02
4.750850850850851202e+03 9.979531063251696469e+04 3.162278427020618778e+02
4.751551551551551711e+03 9.991238208755226515e+04 3.162278427020618778e+02
4.752252252252252219e+03 1.001903891447372880e+05 3.162278427020618778e+02
4.752952952952952728e+03 1.000310898922104680e+05 3.162278427020618778e+02
4.753653653653653237e+03 9.992710343200723582e+04 3.162278427020618778e+02
4.754354354354354655e+03 1.003148392213798070e+05 3.162278427020618778e+02
4.755055055055055163e+03 9.997974255546092172e+04 3.162278427020618778e+02
4.755755755755755672e+03 9.994288548100063053e+04 3.162278427020618778e+02
4.756456456456456181e+03 1.002038154739815509e+05 3.162278427020618778e+02
4.757157157157156689e+03 9.979630364557199937e+04 3.162278427020618778e+02
4.757857857857858107e+03 1.005981659733804845e+05 3.162278427020618778e+02
4.758558558558558616e+03 9.991351332708529662e+04 3.162278427020618778e+02
4.759259259259259125e+03 9.983922017354077252e+04 3.162278427020618778e+02
4.759959959959959633e+03 1.008204830571272469e+05 3.162278427020618778e+02
4.760660660660661051e+03 1.002063897660228395e+05 3.162278427020618778e+02
4.761361361361361560e+03 1.002580953309058532e+05 3.162278427020618778e+02
4.762062062062062068e+03 1.004544837849888281e+05 3.162278427020618778e+02
4.762762762762762577e+03 1.004380835397648916e+05 3.162278427020618778e+02
4.763463463463463086e+03 9.951253213407644944e+04 3.162278427020618778e+02
4.764164164164164504e+03 9.989978375083405990e+04 3.162278427020618778e+02
4.764864864864865012e+03 1.000136469859413337e+05 3.162278427020618778e+02
4.765565565565565521e+03 1.003910199576921004e+05 3.162278427020618778e+02
4.766266266266266030e+03 9.946876929916515655e+04 3.162278427020618778e+02
4.766966966966966538e+03 1.003109092989917262e+05 3.162278427020618778e+02
4.767667667667667956e+03 1.003441024634080241e+05 3.162278427020618778e+02
4.768368368368368465e+03 9.977381693596151308e+04 3.162278427020618778e+02
4.769069069069068973e+03 9.990379273375109187e+04 3.162278427020618778e+02
4.769769769769769482e+03 9.979784074889803014e+04 3.162278427020618778e+02
4.770470470470470900e+03 1.000875955464377621e+05 3.162278427020618778e+02
4.771171171171171409e+03 9.974517445121046330e+04 3.162278427020618778e+02
4.771871871871871917e+03 9.924347938131274714e+04 3.162278427020618778e+02
4.772572572572572426e+03 1.002461776300368365e+05 3.162278427020618778e+02
4.773273273273272935e+03 9.946781843619524443e+04 3.162278427020618778e+02
4.773973973973974353e+03 1.002205727428473328e+05 3.162278427020618778e+02
4.774674674674674861e+03 1.006291657907618646e+05 3.162278427020618778e+02
4.775375375375375370e+03 1.001258927553717222e+05 3.162278427020618778e+02
4.776076076076075879e+03 9.966573435418047302e+04 3.162278427020618778e+02
4.776776776776776387e+03 1.002277395064715529e+05 3.162278427020618778e+02
4.777477477477477805e+03 9.965278003966523102e+04 3.162278427020618778e+02
4.778178178178178314e+03 1.000326910706188937e+05 3.162278427020618778e+02
4.778878878878878822e+03 1.001132491493774287e+05 3.162278427020618778e+02
4.779579579579579331e+03 1.004464296078395710e+05 3.162278427020618778e+02
4.780280280280279840e+03 9.930348860860885179e+04 3.162278427020618778e+02
4.780980980980981258e+03 9.999387617739553389e+04 3.162278427020618778e+02
4.781681681681681766e+03 9.959931532189156860e+04 3.162278427020618778e+02
4.782382382382382275e+03 9.997320243497476622e+04 3.162278427020618778e+02
4.783083083083082784e+03 1.001149193000074010e+05 3.162278427020618778e+02
4.783783783783783292e+03 1.002037250212815707e+05 3.162278427020618778e+02
4.784484484484484710e+03 9.960997202371513413e+04 3.162278427020618778e+02
4.785185185185185219e+03 9.978066491704870714e+04 3.162278427020618778e+02
4.785885885885885727e+03 9.997552755598683143e+04 3.162278427020618778e+02
4.786586586586586236e+03 9.945853206797130406e+04 3.162278427020618778e+02
4.787287287287287654e+03 1.006303083898723562e+05 3.162278427020618778e+02
4.787987987987988163e+03 1.003976411011830642e+05 3.162278427020618778e+02
4.788688688688688671e+03 1.002848234357751353e+05 3.162278427020618778e+02
4.789389389389389180e+03 1.003370101141383348e+05 3.162278427020618778e+02
4.790090090090089689e+03 1.001258922006459325e+05 3.162278427020618778e+02
4.790790790790791107e+03 9.979457389587568468e+04 3.162278427020618778e+02
4.791491491491491615e+03 9.997481203572142113e+04 3.162278427020618778e+02
4.792192192192192124e+03 9.955433875196491135e+04 3.162278427020618778e+02
4.792892892892892633e+03 9.968773167606216157e+04 3.162278427020618778e+02
4.793593593593594051e+03 9.968863573036890011e+04 3.162278427020618778e+02
4.794294294294294559e+03 1.001237406077190681e+05 3.162278427020618778e+02
4.794994994994995068e+03 1.006766981622253952e+05 3.162278427020618778e+02
4.795695695695695576e+03 9.982127822526117961e+04 3.162278427020618778e+02
4.796396396396396085e+03 9.963010549025963701e+04 3.162278427020618778e+02
4.797097097097097503e+03 9.921689565318194218e+04 3.162278427020618778e+02
4.797797797797798012e+03 1.005267240826093184e+05 3.162278427020618778e+02
4.798498498498498520e+03 9.966065180698597396e+04 3.162278427020618778e+02
4.799199199199199029e+03 1.000399129740065546e+05 3.162278427020618778e+02
4.799899899899899538e+03 9.987713819581030111e+04 3.162278427020618778e+02
4.800600600600600956e+03 9.993027741662990593e+04 3.162278427020618778e+02
4.801301301301301464e+03 1.002242066423165670e+05 3.162278427020618778e+02
4.802002002002001973e+03 9.929563404205797997e+04 3.162278427020618778e+02
4.802702702702702481e+03 1.000728205694009084e+05 3.162278427020618778e+02
4.803403403403402990e+03 1.001452805066920118e+05 3.162278427020618778e+02
4.804104104104104408e+03 9.988113603145071829e+04 3.162278427020618778e+02
4.804804804804804917e+03 9.993598337807397183e+04 3.162278427020618778e+02
4.805505505505505425e+03 1.001239849312082079e+05 3.162278427020618778e+02
4.806206206206205934e+03 9.984666130617751332e+04 3.162278427020618778e+02
4.806906906906906443e+03 1.005208827625412960e+05 3.162278427020618778e+02
4.807607607607607861e+03 9.984942916465987219e+04 3.162278427020618778e+02
4.808308308308308369e+03 9.990822711397985404e+04 3.162278427020618778e+02
4.809009009009008878e+03 1.003891835166382371e+05 3.162278427020618778e+02
4.809709709709709387e+03 9.997513845577622124e+04 3.162278427020618778e+02
4.810410410410410805e+03 1.002789350396062364e+05 3.162278427020618778e+02
4.811111111111111313e+03 9.964579743913473794e+04 3.162278427020618778e+02
4.811811811811811822e+03 1.001583080671551870e+05 3.162278427020618778e+02
4.812512512512512330e+03 1.000790718972929317e+05 3.162278427020618778e+02
4.813213213213212839e+03 1.000664204056596500e+05 3.162278427020618778e+02
4.813913913913914257e+03 9.985627209660336666e+04 3.162278427020618778e+02
4.814614614614614766e+03 1.000550744534235419e+05 3.162278427020618778e+02
4.815315315315315274e+03 1.002815200097627094e+05 3.162278427020618778e+02
4.816016016016015783e+03 1.000543407105947408e+05 3.162278427020618778e+02
4.816716716716716292e+03 9.972430512635165360e+04 3.162278427020618778e+02
4.817417417417417710e+03 1.003374915009531105e+05 3.162278427020618778e+02
4.818118118118118218e+03 9.994335624760460632e+04 3.162278427020618778e+02
4.818818818818818727e+03 9.996321067647640302e+04 3.162278427020618778e+02
4.819519519519519235e+03 9.975961903453274863e+04 3.162278427020618778e+02
4.820220220220220654e+03 9.985520728433640033e+04 3.162278427020618778e+02
4.820920920920921162e+03 1.002533856552624784e+05 3.162278427020618778e+02
4.821621621621621671e+03 1.001634525953319535e+05 3.162278427020618778e+02
4.822322322322322179e+03 1.001554545802479115e+05 3.162278427020618778e+02
4.823023023023022688e+03 1.001979441570994823e+05 3.162278427020618778e+02
4.823723723723724106e+03 1.001853375485048309e+05 3.162278427020618778e+02
4.824424424424424615e+03 1.000814970098176564e+05 3.162278427020618778e+02
4.825125125125125123e+03 1.001640279781002610e+05 3.162278427020618778e+02
4.825825825825825632e+03 9.998637052816651703e+04 3.162278427020618778e+02
4.826526526526526141e+03 1.004643804134259117e+05 3.162278427020618778e+02
4.827227227227227559e+03 9.930214572430793487e+04 3.162278427020618778e+02
4.827927927927928067e+03 9.999889321401641064e+04 3.162278427020618778e+02
4.828628628628628576e+03 9.982154597661025764e+04 3.162278427020618778e+02
4.829329329329329084e+03 9.977027349123229214e+04 3.162278427020618778e+02
4.830030030030029593e+03 9.999752956900694699e+04 3.162278427020618778e+02
4.830730730730731011e+03 1.004282014492096787e+05 3.162278427020618778e+02
4.831431431431431520e+03 9.970234006281483744e+04 3.162278427020618778e+02
4.832132132132132028e+03 9.971018657805777912e+04 3.162278427020618778e+02
4.832832832832832537e+03 1.001968627504177130e+05 3.162278427020618778e+02
4.833533533533533046e+03 1.002021811521971395e+05 3.162278427020618778e+02
4.834234234234234464e+03 9.952812672079387994e+04 3.162278427020618778e+02
4.834934934934934972e+03 1.005965649452065554e+05 3.162278427020618778e+02
4.835635635635635481e+03 9.999453005522151943e+04 3.162278427020618778e+02
4.836336336336335989e+03 9.941353382629656699e+04 3.162278427020618778e+02
4.837037037037037408e+03 1.001271789164572401e+05 3.162278427020618778e+02
4.837737737737737916e+03 1.000307917209001171e+05 3.162278427020618778e+02
4.838438438438438425e+03 1.002114868207869877e+05 3.162278427020618778e+02
4.839139139139138933e+03 9.967726070050052658e+04 3.162278427020618778e+02
4.839839839839839442e+03 9.922509241538602510e+04 3.162278427020618778e+02
4.840540540540540860e+03 1.000309087717277289e+05 3.162278427020618778e+02
4.841241241241241369e+03 1.001576117706044170e+05 3.162278427020618778e+02
4.841941941941941877e+03 9.962559365115989931e+04 3.162278427020618778e+02
4.842642642642642386e+03 1.007588555702552258e+05 3.162278427020618778e+02
4.843343343343343804e+03 1.000068923223405436e+05 3.162278427020618778e+02
4.844044044044044313e+03 9.961825144417581032e+04 3.162278427020618778e+02
4.844744744744744821e+03 9.979992015610772069e+04 3.162278427020618778e+02
4.845445445445445330e+03 1.002711999677834247e+05 3.162278427020618778e+02
4.846146146146145838e+03 1.001528471627544495e+05 3.162278427020618778e+02
4.846846846846847257e+03 1.000473742556647485e+05 3.162278427020618778e+02
4.847547547547547765e+03 9.990208255462722445e+04 3.162278427020618778e+02
4.848248248248248274e+03 9.970360897771676537e+04 3.162278427020618778e+02
4.848948948948948782e+03 1.003674822199307382e+05 3.162278427020618778e+02
4.849649649649649291e+03 1.005240679372301820e+05 3.162278427020618778e+02
4.850350350350350709e+03 1.006679987134994008e+05 3.162278427020618778e+02
4.851051051051051218e+03 1.003248144572562160e+05 3.162278427020618778e+02
4.851751751751751726e+03 9.995775794405413035e+04 3.162278427020618778e+02
4.852452452452452235e+03 1.002831722325515730e+05 3.162278427020618778e+02
4.853153153153152743e+03 1.002108490133326704e+05 3.162278427020618778e+02
4.853853853853854162e+03 9.990708558482154331e+04 3.162278427020618778e+02
4.854554554554554670e+03 1.000945221054359863e+05 3.162278427020618778e+02
4.855255255255255179e+03 9.988537785990723933e+04 3.162278427020618778e+02
4.855955955955955687e+03 9.968624652917083586e+04 3.162278427020618778e+02
4.856656656656656196e+03 9.994448606902953179e+04 3.162278427020618778e+02
4.857357357357357614e+03 1.001311748719791940e+05 3.162278427020618778e+02
4.858058058058058123e+03 9.980556068721778865e+04 3.162278427020618778e+02
4.858758758758758631e+03 9.970084151681327785e+04 3.162278427020618778e+02
4.859459459459459140e+03 1.002709855039003305e+05 3.162278427020618778e+02
4.860160160160160558e+03 9.988595323014193855e+04 3.162278427020618778e+02
4.860860860860861067e+03 9.992632158785902720e+04 3.162278427020618778e+02
4.861561561561561575e+03 9.958508424059358367e+04 3.162278427020618778e+02
4.862262262262262084e+03 1.003656728794518422e+05 3.162278427020618778e+02
4.862962962962962592e+03 9.997648223512381082e+04 3.162278427020618778e+02
4.863663663663664011e+03 1.001010649406650336e+05 3.162278427020618778e+02
4.864364364364364519e+03 9.978818000357196433e+04 3.162278427020618778e+02
4.865065065065065028e+03 1.006422930633415090e+05 3.162278427020618778e+02
4.865765765765765536e+03 1.006909288243020565e+05 3.162278427020618778e+02
4.866466466466466045e+03 9.967022759950140608e+04 3.162278427020618778e+02
4.867167167167167463e+03 9.998615778589907859e+04 3.162278427020618778e+02
4.867867867867867972e+03 1.000052125641714083e+05 3.162278427020618778e+02
4.868568568568568480e+03 9.984583105616095418e+04 3.162278427020618778e+02
4.869269269269268989e+03 1.000340553114523645e+05 3.162278427020618778e+02
4.869969969969970407e+03 9.967300016853175475e+04 3.162278427020618778e+02
4.870670670670670916e+03 9.976226649856116273e+04 3.162278427020618778e+02
4.871371371371371424e+03 9.999298008754853799e+04 3.162278427020618778e+02
4.872072072072071933e+03 1.002668655573024444e+05 3.162278427020618778e+02
4.872772772772772441e+03 1.003309212561934546e+05 3.162278427020618778e+02
4.873473473473473859e+03 1.005407039617011469e+05 3.162278427020618778e+02
4.874174174174174368e+03 1.001562342882845696e+05 3.162278427020618778e+02
4.874874874874874877e+03 1.001324722877884196e+05 3.162278427020618778e+02
4.875575575575575385e+03 1.002762923717600352e+05 3.162278427020618778e+02
4.876276276276275894e+03 1.001201411883690889e+05 3.162278427020618778e+02
4.876976976976977312e+03 1.000039296468333050e+05 3.162278427020618778e+02
4.877677677677677821e+03 1.000285461437070626e+05 3.162278427020618778e+02
4.878378378378378329e+03 9.980310594738638611e+04 3.162278427020618778e+02
4.879079079079078838e+03 9.952646409111621324e+04 3.162278427020618778e+02
4.879779779779779346e+03 9.959708534845760732e+04 3.162278427020618778e+02
4.880480480480480765e+03 1.000406342080010945e+05 3.162278427020618778e+02
4.881181181181181273e+03 1.000280046046782518e+05 3.162278427020618778e+02
4.881881881881881782e+03 9.992606884354479553e+04 3.162278427020618778e+02
4.882582582582582290e+03 1.002461226041535847e+05 3.162278427020618778e+02
4.883283283283282799e+03 9.964625101558258757e+04 3.162278427020618778e+02
4.883983983983984217e+03 9.998552228382516478e+04 3.162278427020618778e+02
4.884684684684684726e+03 1.003499863943128585e+05 3.162278427020618778e+02
4.885385385385385234e+03 1.002333379183886282e+05 3.162278427020618778e+02
4.886086086086085743e+03 1.003422521436622046e+05 3.162278427020618778e+02
4.886786786786787161e+03 1.003026278661493707e+05 3.162278427020618778e+02
4.887487487487487670e+03 1.001492511479310779e+05 3.162278427020618778e+02
4.888188188188188178e+03 9.983809425329502847e+04 3.162278427020618778e+02
4.888888888888888687e+03 9.976342837761051487e+04 3.162278427020618778e+02
4.889589589589589195e+03 1.002959221963210439e+05 3.162278427020618778e+02
4.890290290290290613e+03 1.003104531225781684e+05 3.162278427020618778e+02
4.890990990990991122e+03 9.960498384914528287e+04 3.162278427020618778e+02
4.891691691691691631e+03 9.961706574391941831e+04 3.162278427020618778e+02
4.892392392392392139e+03 9.981434620628003904e+04 3.162278427020618778e+02
4.893093093093093557e+03 1.004992036599067214e+05 3.162278427020618778e+02
4.893793793793794066e+03 1.000503317344736570e+05 3.162278427020618778e+02
4.894494494494494575e+03 1.001638593703600345e+05 3.162278427020618778e+02
4.895195195195195083e+03 1.000738031532502209e+05 3.162278427020618778e+02
4.895895895895895592e+03 1.001216150338808802e+05 3.162278427020618778e+02
4.896596596596597010e+03 1.000284412832319067e+05 3.162278427020618778e+02
4.897297297297297519e+03 1.004393386840927269e+05 3.162278427020618778e+02
4.897997997997998027e+03 9.993725024966994533e+04 3.162278427020618778e+02
4.898698698698698536e+03 9.967952167606326111e+04 3.162278427020618778e+02
4.899399399399399044e+03 9.995738855775808042e+04 3.162278427020618778e+02
4.900100100100100462e+03 9.957307793559311540e+04 3.162278427020618778e+02
4.900800800800800971e+03 1.002806856636008306e+05 3.162278427020618778e+02
4.901501501501501480e+03 9.991720824466455088e+04 3.162278427020618778e+02
4.902202202202201988e+03 9.962220158996192913e+04 3.162278427020618778e+02
4.902902902902902497e+03 1.001662900904875278e+05 3.162278427020618778e+02
4.903603603603603915e+03 1.002915754838310968e+05 3.162278427020618778e+02
4.904304304304304424e+03 9.996740776592436305e+04 3.162278427020618778e+02
4.905005005005004932e+03 9.965786918240561499e+04 3.162278427020618778e+02
4.905705705705705441e+03 9.999163284961633326e+04 3.162278427020618778e+02
4.906406406406405949e+03 1.000928689334567462e+05 3.162278427020618778e+02
4.907107107107107367e+03 9.945296050910915073e+04 3.162278427020618778e+02
4.907807807807807876e+03 1.001594893384222378e+05 3.162278427020618778e+02
4.908508508508508385e+03 9.976188400498990086e+04 3.162278427020618778e+02
4.909209209209208893e+03 1.001003147976733017e+05 3.162278427020618778e+02
4.909909909909910311e+03 9.985404709170981369e+04 3.162278427020618778e+02
4.910610610610610820e+03 9.940162323066851241e+04 3.162278427020618778e+02
4.911311311311311329e+03 9.985809714345527755e+04 3.162278427020618778e+02
4.912012012012011837e+03 9.977099770954078122e+04 3.162278427020618778e+02
4.912712712712712346e+03 9.947081145477025711e+04 3.162278427020618778e+02
4.913413413413413764e+03 1.003186350224354828e+05 3.162278427020618778e+02
4.914114114114114273e+03 1.000757416559913545e+05 3.162278427020618778e+02
4.914814814814814781e+03 1.004418518831874972e+05 3.162278427020618778e+02
4.915515515515515290e+03 9.997975233060854953e+04 3.162278427020618778e+02
4.916216216216215798e+03 1.001096338110747456e+05 3.162278427020618778e+02
4.916916916916917216e+03 1.003172006884578586e+05 3.162278427020618778e+02
4.917617617617617725e+03 1.004971986806009081e+05 3.162278427020618778e+02
4.918318318318318234e+03 9.950660735593005666e+04 3.162278427020618778e+02
4.919019019019018742e+03 1.001529293037037132e+05 3.162278427020618778e+02
4.919719719719720160e+03 1.000470785085491807e+05 3.162278427020618778e+02
4.920420420420420669e+03 1.002490254551203689e+05 3.162278427020618778e+02
4.921121121121121178e+03 1.005805949420966354e+05 3.162278427020618778e+02
4.921821821821821686e+03 9.993227239697483310e+04 3.162278427020618778e+02
4.922522522522522195e+03 1.002702500544063660e+05 3.162278427020618778e+02
4.923223223223223613e+03 1.000541889538714458e+05 3.162278427020618778e+02
4.923923923923924121e+03 9.941653639159238082e+04 3.162278427020618778e+02
4.924624624624624630e+03 9.991102573808614397e+04 3.162278427020618778e+02
4.925325325325325139e+03 9.944300195143622113e+04 3.162278427020618778e+02
4.926026026026025647e+03 1.003531393352644518e+05 3.162278427020618778e+02
4.926726726726727065e+03 1.002164105150408577e+05 3.162278427020618778e+02
4.927427427427427574e+03 9.979204567110186326e+04 3.162278427020618778e+02
4.928128128128128083e+03 1.003352566109384352e+05 3.162278427020618778e+02
4.928828828828828591e+03 9.999213710939532029e+04 3.162278427020618778e+02
4.929529529529529100e+03 9.950029756750656816e+04 3.162278427020618778e+02
4.930230230230230518e+03 1.003891001735035534e+05 3.162278427020618778e+02
4.930930930930931027e+03 9.945988189160673937e+04 3.162278427020618778e+02
4.931631631631631535e+03 9.957122239619870379e+04 3.162278427020618778e+02
4.932332332332332044e+03 1.003692321316862508e+05 3.162278427020618778e+02
4.933033033033032552e+03 9.975825425905318116e+04 3.162278427020618778e+02
4.933733733733733970e+03 9.993491064270962670e+04 3.162278427020618778e+02
4.934434434434434479e+03 1.000655309195552254e+05 3.162278427020618778e+02
4.935135135135134988e+03 9.999942325048988278e+04 3.162278427020618778e+02
4.935835835835835496e+03 1.000971427938581619e+05 3.162278427020618778e+02
4.936536536536536914e+03 1.002235853403191431e+05 3.162278427020618778e+02
4.937237237237237423e+03 1.002857236005643790e+05 3.162278427020618778e+02
4.937937937937937932e+03 1.000458915990183741e+05 3.162278427020618778e+02
4.938638638638638440e+03 1.006903597516483569e+05 3.162278427020618778e+02
4.939339339339338949e+03 1.002066311726993008e+05 3.162278427020618778e+02
4.940040040040040367e+03 1.001725679110460624e+05 3.162278427020618778e+02
4.940740740740740875e+03 1.005060285023450560e+05 3.162278427020618778e+02
4.941441441441441384e+03 1.006856829687094287e+05 3.162278427020618778e+02
4.942142142142141893e+03 1.003044083070858615e+05 3.162278427020618778e+02
4.942842842842842401e+03 9.974096472963679116e+04 3.162278427020618778e+02
4.943543543543543819e+03 1.004958856501473638e+05 3.162278427020618778e+02
4.944244244244244328e+03 1.010360303147174563e+05 3.162278427020618778e+02
4.944944944944944837e+03 1.000370507315413852e+05 3.162278427020618778e+02
4.945645645645645345e+03 1.006151967004684848e+05 3.162278427020618778e+02
4.946346346346346763e+03 9.995294184697282617e+04 3.162278427020618778e+02
4.947047047047047272e+03 1.000498420879800251e+05 3.162278427020618778e+02
4.947747747747747781e+03 1.003644136415145913e+05 3.162278427020618778e+02
4.948448448448448289e+03 9.992142704894802591e+04 3.162278427020618778e+02
4.949149149149148798e+03 1.002156928903814696e+05 3.162278427020618778e+02
4.949849849849850216e+03 1.003847123981648765e+05 3.162278427020618778e+02
4.950550550550550724e+03 1.006810579477853898e+05 3.162278427020618778e+02
4.951251251251251233e+03 1.011329738933664776e+05 3.162278427020618778e+02
4.951951951951951742e+03 1.000428314338517666e+05 3.162278427020618778e+02
4.952652652652652250e+03 1.002579009807729308e+05 3.162278427020618778e+02
4.953353353353353668e+03 1.008042754840877606e+05 3.162278427020618778e+02
4.954054054054054177e+03 1.006308231669761590e+05 3.162278427020618778e+02
4.954754754754754686e+03 1.016874270742991503e+05 3.162278427020618778e+02
4.955455455455455194e+03 1.007274931314467831e+05 3.162278427020618778e+02
4.956156156156155703e+03 1.006296247435831610e+05 3.162278427020618778e+02
4.956856856856857121e+03 1.002938683366754849e+05 3.162278427020618778e+02
4.957557557557557629e+03 1.016843668614915950e+05 3.162278427020618778e+02
4.958258258258258138e+03 1.005370598928535474e+05 3.162278427020618778e+02
4.958958958958958647e+03 1.010750476660877175e+05 3.162278427020618778e+02
4.959659659659660065e+03 1.008903963353895379e+05 3.162278427020618778e+02
4.960360360360360573e+03 1.010089501064373471e+05 3.162278427020618778e+02
4.961061061061061082e+03 1.005927006949452334e+05 3.162278427020618778e+02
4.961761761761761591e+03 1.006323033323716809e+05 3.162278427020618778e+02
4.962462462462462099e+03 1.006490270617218630e+05 3.162278427020618778e+02
4.963163163163163517e+03 1.005474573746907408e+05 3.162278427020618778e+02
4.963863863863864026e+03 1.006081099826023565e+05 3.162278427020618778e+02
4.964564564564564535e+03 1.006207479019339517e+05 3.162278427020618778e+02
4.965265265265265043e+03 1.002711766816387972e+05 3.162278427020618778e+02
4.965965965965965552e+03 1.005760858185585239e+05 3.162278427020618778e+02
4.966666666666666970e+03 1.011102865753442020e+05 3.162278427020618778e+02
4.967367367367367478e+03 1.004216271565116913e+05 3.162278427020618778e+02
4.968068068068067987e+03 1.010947314926227846e+05 3.162278427020618778e+02
4.968768768768768496e+03 1.009504222777946707e+05 3.162278427020618778e+02
4.969469469469469914e+03 1.002753344056084461e+05 3.162278427020618778e+02
4.970170170170170422e+03 1.009721350827889255e+05 3.162278427020618778e+02
4.970870870870870931e+03 1.003909330060957145e+05 3.162278427020618778e+02
4.971571571571571440e+03 1.003948655231392331e+05 3.162278427020618778e+02
4.972272272272271948e+03 1.006515564429196384e+05 3.162278427020618778e+02
4.972972972972973366e+03 1.001870929523691448e+05 3.162278427020618778e+02
4.973673673673673875e+03 1.008484383582673472e+05 3.162278427020618778e+02
4.974374374374374383e+03 9.969162179919853224e+04 3.162278427020618778e+02
4.975075075075074892e+03 1.003156207684679393e+05 3.162278427020618778e+02
4.975775775775775401e+03 1.002315706367838138e+05 3.162278427020618778e+02
4.976476476476476819e+03 1.002773477234554011e+05 3.162278427020618778e+02
4.977177177177177327e+03 1.000113831515527854e+05 3.162278427020618778e+02
4.977877877877877836e+03 9.968947999345243443e+04 3.162278427020618778e+02
4.978578578578578345e+03 1.004144654878676520e+05 3.162278427020618778e+02
4.979279279279278853e+03 1.004979628288509848e+05 3.162278427020618778e+02
4.979979979979980271e+03 1.000665911405342340e+05 3.162278427020618778e+02
4.980680680680680780e+03 1.004184525804643781e+05 3.162278427020618778e+02
4.981381381381381289e+03 1.002202497919671587e+05 3.162278427020618778e+02
4.982082082082081797e+03 1.000267981085615611e+05 3.162278427020618778e+02
4.982782782782782306e+03 1.005987943241037428e+05 3.162278427020618778e+02
4.983483483483483724e+03 1.003477244723231270e+05 3.162278427020618778e+02
4.984184184184184232e+03 1.001668640187481215e+05 3.162278427020618778e+02
4.984884884884884741e+03 1.002778565465148276e+05 3.162278427020618778e+02
4.985585585585585250e+03 1.003706562056416442e+05 3.162278427020618778e+02
4.986286286286286668e+03 1.005749142790571786e+05 3.162278427020618778e+02
4.986986986986987176e+03 1.008775382262828207e+05 3.162278427020618778e+02
4.987687687687687685e+03 1.010943204828910821e+05 3.162278427020618778e+02
4.988388388388388194e+03 1.000886922565152927e+05 3.162278427020618778e+02
4.989089089089088702e+03 1.007595064145605429e+05 3.162278427020618778e+02
4.989789789789790120e+03 1.006740713217351440e+05 3.162278427020618778e+02
4.990490490490490629e+03 1.005187693695534545e+05 3.162278427020618778e+02
4.991191191191191137e+03 1.007128313501453958e+05 3.162278427020618778e+02
4.991891891891891646e+03 1.007948239818794245e+05 3.162278427020618778e+02
4.992592592592592155e+03 1.001679421822427394e+05 3.162278427020618778e+02
4.993293293293293573e+03 1.013108640131575958e+05 3.162278427020618778e+02
4.993993993993994081e+03 1.007790950053387496e+05 3.162278427020618778e+02
4.994694694694694590e+03 1.014741387253189605e+05 3.162278427020618778e+02
4.995395395395395099e+03 1.015095435264812841e+05 3.162278427020618778e+02
4.996096096096096517e+03 1.017314239860414673e+05 3.162278427020618778e+02
4.996796796796797025e+03 1.019858786132576643e+05 3.162278427020618778e+02
4.997497497497497534e+03 1.015831688773169735e+05 3.162278427020618778e+02
4.998198198198198043e+03 1.020643229241653462e+05 3.162278427020618778e+02
4.998898898898898551e+03 1.018739629538785812e+05 3.162278427020618778e+02
4.999599599599599969e+03 1.016883962838067673e+05 3.162278427020618778e+02
5.000300300300300478e+03 1.016590294896444102e+05 3.162278427020618778e+02
5.001001001001000986e+03 1.018182656089707452e+05 3.162278427020618778e+02
5.001701701701701495e+03 1.029703920835366735e+05 3.162278427020618778e+02
5.002402402402402004e+03 1.019460229604302731e+05 3.162278427020618778e+02
5.003103103103103422e+03 1.021601701059505285e+05 3.162278427020618778e+02
5.003803803803803930e+03 1.017542693290716707e+05 3.162278427020618778e+02
5.004504504504504439e+03 1.026597834680827364e+05 3.162278427020618778e+02
5.005205205205204948e+03 1.025882076215736161e+05 3.162278427020618778e+02
5.005905905905905456e+03 1.023332414800849219e+05 3.162278427020618778e+02
5.006606606606606874e+03 1.022818868983593566e+05 3.162278427020618778e+02
5.007307307307307383e+03 1.025959614441578451e+05 3.162278427020618778e+02
5.008008008008007891e+03 1.027643049215493957e+05 3.162278427020618778e+02
5.008708708708708400e+03 1.026392151383813180e+05 3.162278427020618778e+02
5.009409409409408909e+03 1.031134853142864304e+05 3.162278427020618778e+02
5.010110110110110327e+03 1.019677129775822978e+05 3.162278427020618778e+02
5.010810810810810835e+03 1.022018368666441238e+05 3.162278427020618778e+02
5.011511511511511344e+03 1.021720334042212198e+05 3.162278427020618778e+02
5.012212212212211853e+03 1.016713306666514691e+05 3.162278427020618778e+02
5.012912912912913271e+03 1.019462680690412672e+05 3.162278427020618778e+02
5.013613613613613779e+03 1.018750840737229300e+05 3.162278427020618778e+02
5.014314314314314288e+03 1.018040140402411344e+05 3.162278427020618778e+02
5.015015015015014797e+03 1.015663267581858527e+05 3.162278427020618778e+02
5.015715715715715305e+03 1.016050062443910283e+05 3.162278427020618778e+02
5.016416416416416723e+03 1.014885350758916175e+05 3.162278427020618778e+02
5.017117117117117232e+03 1.020206151664194476e+05 3.162278427020618778e+02
5.017817817817817740e+03 1.008367349004104763e+05 3.162278427020618778e+02
5.018518518518518249e+03 1.009522796726261440e+05 3.162278427020618778e+02
5.019219219219219667e+03 1.010833194564460719e+05 3.162278427020618778e+02
5.019919919919920176e+03 1.010985862105734559e+05 3.162278427020618778e+02
5.020620620620620684e+03 1.003065177909095073e+05 3.162278427020618778e+02
5.021321321321321193e+03 1.008333145998403779e+05 3.162278427020618778e+02
5.022022022022021702e+03 1.013014369470651291e+05 3.162278427020618778e+02
5.022722722722723120e+03 1.005665059973222815e+05 3.162278427020618778e+02
5.023423423423423628e+03 1.007042418693906657e+05 3.162278427020618778e+02
5.024124124124124137e+03 1.001829976176450000e+05 3.162278427020618778e+02
5.024824824824824645e+03 1.003264650634365826e+05 3.162278427020618778e+02
5.025525525525525154e+03 1.006938722385097062e+05 3.162278427020618778e+02
5.026226226226226572e+03 9.962883154729611124e+04 3.162278427020618778e+02
5.026926926926927081e+03 1.004346128202839172e+05 3.162278427020618778e+02
5.027627627627627589e+03 1.001441497729865514e+05 3.162278427020618778e+02
5.028328328328328098e+03 1.003813945796667831e+05 3.162278427020618778e+02
5.029029029029028607e+03 1.004474731858352316e+05 3.162278427020618778e+02
5.029729729729730025e+03 1.003138144859913300e+05 3.162278427020618778e+02
5.030430430430430533e+03 1.002872247393355501e+05 3.162278427020618778e+02
5.031131131131131042e+03 1.000348170978986309e+05 3.162278427020618778e+02
5.031831831831831551e+03 9.927492848892988695e+04 3.162278427020618778e+02
5.032532532532532059e+03 1.001446456101955409e+05 3.162278427020618778e+02
5.033233233233233477e+03 9.998395298115879996e+04 3.162278427020618778e+02
5.033933933933933986e+03 9.962964423870196333e+04 3.162278427020618778e+02
5.034634634634634494e+03 1.005008203885057010e+05 3.162278427020618778e+02
5.035335335335335003e+03 1.002774969240311038e+05 3.162278427020618778e+02
5.036036036036035512e+03 1.007114795684191486e+05 3.162278427020618778e+02
5.036736736736736930e+03 1.002973629424009705e+05 3.162278427020618778e+02
5.037437437437437438e+03 9.922297020868513209e+04 3.162278427020618778e+02
5.038138138138137947e+03 9.985274533911491744e+04 3.162278427020618778e+02
5.038838838838838456e+03 1.003372202046768361e+05 3.162278427020618778e+02
5.039539539539539874e+03 9.917626834318632609e+04 3.162278427020618778e+02
5.040240240240240382e+03 1.003822247217471449e+05 3.162278427020618778e+02
5.040940940940940891e+03 1.003459437239398685e+05 3.162278427020618778e+02
5.041641641641641399e+03 1.006919045466926618e+05 3.162278427020618778e+02
5.042342342342342818e+03 9.957699882393424923e+04 3.162278427020618778e+02
5.043043043043043326e+03 9.945568840938313224e+04 3.162278427020618778e+02
5.043743743743743835e+03 1.001147131303410861e+05 3.162278427020618778e+02
5.044444444444444343e+03 9.995492218208457052e+04 3.162278427020618778e+02
5.045145145145144852e+03 9.964713253973257088e+04 3.162278427020618778e+02
5.045845845845846270e+03 9.996699513510998804e+04 3.162278427020618778e+02
5.046546546546546779e+03 9.996605536242136441e+04 3.162278427020618778e+02
5.047247247247247287e+03 1.004882071375928790e+05 3.162278427020618778e+02
5.047947947947947796e+03 9.990237616162892664e+04 3.162278427020618778e+02
5.048648648648648305e+03 1.004646415977075230e+05 3.162278427020618778e+02
5.049349349349349723e+03 1.000873697600080341e+05 3.162278427020618778e+02
5.050050050050050231e+03 9.996482849045682815e+04 3.162278427020618778e+02
5.050750750750750740e+03 1.000327458929144050e+05 3.162278427020618778e+02
5.051451451451451248e+03 1.001574243802451965e+05 3.162278427020618778e+02
5.052152152152151757e+03 1.000971810491465585e+05 3.162278427020618778e+02
5.052852852852853175e+03 9.966595950840873411e+04 3.162278427020618778e+02
5.053553553553553684e+03 1.003600773563432012e+05 3.162278427020618778e+02
5.054254254254254192e+03 9.985492919265512319e+04 3.162278427020618778e+02
5.054954954954954701e+03 9.977867946632776875e+04 3.162278427020618778e+02
5.055655655655655210e+03 9.991615248991322005e+04 3.162278427020618778e+02
5.056356356356356628e+03 9.999225440207030624e+04 3.162278427020618778e+02
5.057057057057057136e+03 1.006978054096242849e+05 3.162278427020618778e+02
5.057757757757757645e+03 9.965732020033388108e+04 3.162278427020618778e+02
5.058458458458458153e+03 1.000456938706504297e+05 3.162278427020618778e+02
5.059159159159158662e+03 9.978988002062114538e+04 3.162278427020618778e+02
5.059859859859860080e+03 9.979201914960713475e+04 3.162278427020618778e+02
5.060560560560560589e+03 1.007427627192354848e+05 3.162278427020618778e+02
5.061261261261261097e+03 1.002468905915044306e+05 3.162278427020618778e+02
5.061961961961961606e+03 1.000222420168687095e+05 3.162278427020618778e+02
5.062662662662663024e+03 9.986290224559864146e+04 3.162278427020618778e+02
5.063363363363363533e+03 9.983992391053363099e+04 3.162278427020618778e+02
5.064064064064064041e+03 9.968747464744550234e+04 3.162278427020618778e+02
5.064764764764764550e+03 1.000364561093015509e+05 3.162278427020618778e+02
5.065465465465465059e+03 9.998729615006150561e+04 3.162278427020618778e+02
5.066166166166166477e+03 1.001131798110019299e+05 3.162278427020618778e+02
5.066866866866866985e+03 1.001057666308655898e+05 3.162278427020618778e+02
5.067567567567567494e+03 9.968408303695454379e+04 3.162278427020618778e+02
5.068268268268268002e+03 1.000699168896921328e+05 3.162278427020618778e+02
5.068968968968969421e+03 1.003608830935262231e+05 3.162278427020618778e+02
5.069669669669669929e+03 1.004013231277469604e+05 3.162278427020618778e+02
5.070370370370370438e+03 9.966777704924183490e+04 3.162278427020618778e+02
5.071071071071070946e+03 9.963232255589147098e+04 3.162278427020618778e+02
5.071771771771771455e+03 9.978475174942828016e+04 3.162278427020618778e+02
5.072472472472472873e+03 9.985164388674053771e+04 3.162278427020618778e+02
5.073173173173173382e+03 9.953503556733370351e+04 3.162278427020618778e+02
5.073873873873873890e+03 9.970755853615616797e+04 3.162278427020618778e+02
5.074574574574574399e+03 1.003545198993242666e+05 3.162278427020618778e+02
5.075275275275274907e+03 1.001845627410300949e+05 3.162278427020618778e+02
5.075975975975976326e+03 9.989760893262675381e+04 3.162278427020618778e+02
5.076676676676676834e+03 9.990614765438380709e+04 3.162278427020618778e+02
5.077377377377377343e+03 9.977874817387272196e+04 3.162278427020618778e+02
5.078078078078077851e+03 9.941368090204955661e+04 3.162278427020618778e+02
5.078778778778778360e+03 1.003155714280733664e+05 3.162278427020618778e+02
5.079479479479479778e+03 1.000547060626437742e+05 3.162278427020618778e+02
5.080180180180180287e+03 9.993134357209459995e+04 3.162278427020618778e+02
5.080880880880880795e+03 9.962879699510471255e+04 3.162278427020618778e+02
5.081581581581581304e+03 1.003309675684083340e+05 3.162278427020618778e+02
5.082282282282281813e+03 9.989699207626588759e+04 3.162278427020618778e+02
5.082982982982983231e+03 9.970568634889699752e+04 3.162278427020618778e+02
5.083683683683683739e+03 9.957180150503951882e+04 3.162278427020618778e+02
5.084384384384384248e+03 9.989039998348425434e+04 3.162278427020618778e+02
5.085085085085084756e+03 9.951895964365059626e+04 3.162278427020618778e+02
5.085785785785785265e+03 9.992881999041719246e+04 3.162278427020618778e+02
5.086486486486486683e+03 1.001251244317876844e+05 3.162278427020618778e+02
5.087187187187187192e+03 9.956754611749007017e+04 3.162278427020618778e+02
5.087887887887887700e+03 9.964182107316605106e+04 3.162278427020618778e+02
5.088588588588588209e+03 1.001942373830951110e+05 3.162278427020618778e+02
5.089289289289289627e+03 9.950341187914169859e+04 3.162278427020618778e+02
5.089989989989990136e+03 9.973096616278236615e+04 3.162278427020618778e+02
5.090690690690690644e+03 1.000746258663336630e+05 3.162278427020618778e+02
5.091391391391391153e+03 1.001638055603056710e+05 3.162278427020618778e+02
5.092092092092092571e+03 1.000604752662106475e+05 3.162278427020618778e+02
5.092792792792793080e+03 1.000487549248690775e+05 3.162278427020618778e+02
5.093493493493493588e+03 1.004793269038131111e+05 3.162278427020618778e+02
5.094194194194194097e+03 1.002823568208912766e+05 3.162278427020618778e+02
5.094894894894894605e+03 1.002207879525214958e+05 3.162278427020618778e+02
5.095595595595596023e+03 1.002666385888070217e+05 3.162278427020618778e+02
5.096296296296296532e+03 1.001218451081432577e+05 3.162278427020618778e+02
5.096996996996997041e+03 1.003978998442282027e+05 3.162278427020618778e+02
5.097697697697697549e+03 1.000011559973374533e+05 3.162278427020618778e+02
5.098398398398398058e+03 1.001314997464857006e+05 3.162278427020618778e+02
5.099099099099099476e+03 9.961039072654714982e+04 3.162278427020618778e+02
5.099799799799799985e+03 9.982685768083139556e+04 3.162278427020618778e+02
5.100500500500500493e+03 1.007192685575790383e+05 3.162278427020618778e+02
5.101201201201201002e+03 1.002838760922147194e+05 3.162278427020618778e+02
5.101901901901901510e+03 9.981837558372043713e+04 3.162278427020618778e+02
5.102602602602602929e+03 9.972127049515675753e+04 3.162278427020618778e+02
5.103303303303303437e+03 9.998831532234381302e+04 3.162278427020618778e+02
5.104004004004003946e+03 1.002875806100535410e+05 3.162278427020618778e+02
5.104704704704704454e+03 9.999756361283548176e+04 3.162278427020618778e+02
5.105405405405404963e+03 9.992993045879444981e+04 3.162278427020618778e+02
5.106106106106106381e+03 9.983172744708305981e+04 3.162278427020618778e+02
5.106806806806806890e+03 1.003843252747664665e+05 3.162278427020618778e+02
5.107507507507507398e+03 1.001433441881543404e+05 3.162278427020618778e+02
5.108208208208207907e+03 1.000545920981440286e+05 3.162278427020618778e+02
5.108908908908908415e+03 1.000894076680651051e+05 3.162278427020618778e+02
5.109609609609609834e+03 1.003782131475286296e+05 3.162278427020618778e+02
5.110310310310310342e+03 1.000183236169885931e+05 3.162278427020618778e+02
5.111011011011010851e+03 9.985525913506462530e+04 3.162278427020618778e+02
5.111711711711711359e+03 9.965774322335420584e+04 3.162278427020618778e+02
5.112412412412412777e+03 1.002228268730255368e+05 3.162278427020618778e+02
5.113113113113113286e+03 9.980637255194988393e+04 3.162278427020618778e+02
5.113813813813813795e+03 1.003265701583390910e+05 3.162278427020618778e+02
5.114514514514514303e+03 9.998735649079027644e+04 3.162278427020618778e+02
5.115215215215214812e+03 9.957318339682283113e+04 3.162278427020618778e+02
5.115915915915916230e+03 1.001402195387165411e+05 3.162278427020618778e+02
5.116616616616616739e+03 1.000936648849017656e+05 3.162278427020618778e+02
5.117317317317317247e+03 1.002190256409054855e+05 3.162278427020618778e+02
5.118018018018017756e+03 9.967579982088581892e+04 3.162278427020618778e+02
5.118718718718719174e+03 9.982549776898291020e+04 3.162278427020618778e+02
5.119419419419419683e+03 9.996061629142869788e+04 3.162278427020618778e+02
5.120120120120120191e+03 1.002706395679830603e+05 3.162278427020618778e+02
5.120820820820820700e+03 1.002949570626258646e+05 3.162278427020618778e+02
5.121521521521521208e+03 1.003942251807816792e+05 3.162278427020618778e+02
5.122222222222222626e+03 1.001742786771735991e+05 3.162278427020618778e+02
5.122922922922923135e+03 9.982164347693209129e+04 3.162278427020618778e+02
5.123623623623623644e+03 1.003778965953752049e+05 3.162278427020618778e+02
5.124324324324324152e+03 9.968188092478556791e+04 3.162278427020618778e+02
5.125025025025024661e+03 1.000891657239294000e+05 3.162278427020618778e+02
5.125725725725726079e+03 9.979322251754405443e+04 3.162278427020618778e+02
5.126426426426426588e+03 9.997392215556396695e+04 3.162278427020618778e+02
5.127127127127127096e+03 1.001715072911659081e+05 3.162278427020618778e+02
5.127827827827827605e+03 1.001393296479950950e+05 3.162278427020618778e+02
5.128528528528528113e+03 9.965121372165450884e+04 3.162278427020618778e+02
5.129229229229229531e+03 9.981640176386108215e+04 3.162278427020618778e+02
5.129929929929930040e+03 9.998921558075468056e+04 3.162278427020618778e+02
5.130630630630630549e+03 9.976762414782158157e+04 3.162278427020618778e+02
5.131331331331331057e+03 1.001339431838575983e+05 3.162278427020618778e+02
5.132032032032031566e+03 9.998312751088150253e+04 3.162278427020618778e+02
5.132732732732732984e+03 9.964007471329794498e+04 3.162278427020618778e+02
5.133433433433433493e+03 9.995204785924880707e+04 3.162278427020618778e+02
5.134134134134134001e+03 1.006513937980841147e+05 3.162278427020618778e+02
5.134834834834834510e+03 1.000366655923228245e+05 3.162278427020618778e+02
5.135535535535535018e+03 9.952721966316935141e+04 3.162278427020618778e+02
5.136236236236236437e+03 1.002470439296525583e+05 3.162278427020618778e+02
5.136936936936936945e+03 1.001623789186524082e+05 3.162278427020618778e+02
5.137637637637637454e+03 9.971162674858341052e+04 3.162278427020618778e+02
5.138338338338337962e+03 1.003652872887712292e+05 3.162278427020618778e+02
5.139039039039039380e+03 1.001481525486808096e+05 3.162278427020618778e+02
5.139739739739739889e+03 1.008090278216528677e+05 3.162278427020618778e+02
5.140440440440440398e+03 9.998593145039686351e+04 3.162278427020618778e+02
5.141141141141140906e+03 9.967427952194544196e+04 3.162278427020618778e+02
5.141841841841842324e+03 9.952299287095824548e+04 3.162278427020618778e+02
5.142542542542542833e+03 9.975824866297427798e+04 3.162278427020618778e+02
5.143243243243243342e+03 9.989009319387565483e+04 3.162278427020618778e+02
5.143943943943943850e+03 1.000418663210692612e+05 3.162278427020618778e+02
5.144644644644644359e+03 1.000836635917765234e+05 3.162278427020618778e+02
5.145345345345345777e+03 1.000386345874798280e+05 3.162278427020618778e+02
5.146046046046046285e+03 9.963397222557314672e+04 3.162278427020618778e+02
5.146746746746746794e+03 9.954863509594714560e+04 3.162278427020618778e+02
5.147447447447447303e+03 1.000124326824881136e+05 3.162278427020618778e+02
5.148148148148147811e+03 1.000303530387708015e+05 3.162278427020618778e+02
5.148848848848849229e+03 9.985077053523180075e+04 3.162278427020618778e+02
5.149549549549549738e+03 1.006364835355862742e+05 3.162278427020618778e+02
5.150250250250250247e+03 9.995923846431830316e+04 3.162278427020618778e+02
5.150950950950950755e+03 1.001252348281292216e+05 3.162278427020618778e+02
5.151651651651651264e+03 1.006682656658518972e+05 3.162278427020618778e+02
5.152352352352352682e+03 1.001627073550723871e+05 3.162278427020618778e+02
5.153053053053053191e+03 1.000997235346028319e+05 3.162278427020618778e+02
5.153753753753753699e+03 9.990018924716991023e+04 3.162278427020618778e+02
5.154454454454454208e+03 9.997580792663515604e+04 3.162278427020618778e+02
5.155155155155154716e+03 1.002122170250590716e+05 3.162278427020618778e+02
5.155855855855856134e+03 9.974335965667066921e+04 3.162278427020618778e+02
5.156556556556556643e+03 1.001843374681523710e+05 3.162278427020618778e+02
5.157257257257257152e+03 9.959320818985434016e+04 3.162278427020618778e+02
5.157957957957957660e+03 9.995781755623809295e+04 3.162278427020618778e+02
5.158658658658658169e+03 9.999040480172504613e+04 3.162278427020618778e+02
5.159359359359359587e+03 1.000635833873952943e+05 3.162278427020618778e+02
5.160060060060060096e+03 1.004010483937638201e+05 3.162278427020618778e+02
5.160760760760760604e+03 9.980428370312381594e+04 3.162278427020618778e+02
5.161461461461461113e+03 9.978695789542447892e+04 3.162278427020618778e+02
5.162162162162162531e+03 9.993233252431546862e+04 3.162278427020618778e+02
5.162862862862863039e+03 1.002342303271417331e+05 3.162278427020618778e+02
5.163563563563563548e+03 9.959145075041528617e+04 3.162278427020618778e+02
5.164264264264264057e+03 9.968213796365165035e+04 3.162278427020618778e+02
5.164964964964964565e+03 1.001051038296282932e+05 3.162278427020618778e+02
5.165665665665665983e+03 9.979176350947906030e+04 3.162278427020618778e+02
5.166366366366366492e+03 9.932501529085121001e+04 3.162278427020618778e+02
5.167067067067067001e+03 9.995249594889256696e+04 3.162278427020618778e+02
5.167767767767767509e+03 9.989099329363119614e+04 3.162278427020618778e+02
5.168468468468468927e+03 9.990450251863240555e+04 3.162278427020618778e+02
5.169169169169169436e+03 1.004790135545632074e+05 3.162278427020618778e+02
5.169869869869869945e+03 9.964312947431816428e+04 3.162278427020618778e+02
5.170570570570570453e+03 1.002094747502223618e+05 3.162278427020618778e+02
5.171271271271270962e+03 9.993118136302442872e+04 3.162278427020618778e+02
5.171971971971972380e+03 9.890272871958636097e+04 3.162278427020618778e+02
5.172672672672672888e+03 9.995647955800627824e+04 3.162278427020618778e+02
5.173373373373373397e+03 9.989833899210480740e+04 3.162278427020618778e+02
5.174074074074073906e+03 9.965603425573604181e+04 3.162278427020618778e+02
5.174774774774774414e+03 1.001780212735009263e+05 3.162278427020618778e+02
5.175475475475475832e+03 9.947335331976642192e+04 3.162278427020618778e+02
5.176176176176176341e+03 9.963315203161978570e+04 3.162278427020618778e+02
5.176876876876876850e+03 9.983524630435433937e+04 3.162278427020618778e+02
5.177577577577577358e+03 1.000515489618547290e+05 3.162278427020618778e+02
5.178278278278277867e+03 9.989495246878724720e+04 3.162278427020618778e+02
5.178978978978979285e+03 1.001409036137767835e+05 3.162278427020618778e+02
5.179679679679679793e+03 1.002972145214525663e+05 3.162278427020618778e+02
5.180380380380380302e+03 1.003421381969313079e+05 3.162278427020618778e+02
5.181081081081080811e+03 1.003199291402957024e+05 3.162278427020618778e+02
5.181781781781781319e+03 9.997812473428307567e+04 3.162278427020618778e+02
5.182482482482482737e+03 9.968535810909664724e+04 3.162278427020618778e+02
5.183183183183183246e+03 1.001789711960236891e+05 3.162278427020618778e+02
5.183883883883883755e+03 1.000480542531067040e+05 3.162278427020618778e+02
5.184584584584584263e+03 9.954905088995602273e+04 3.162278427020618778e+02
5.185285285285284772e+03 1.001061739356641920e+05 3.162278427020618778e+02
5.185985985985986190e+03 9.950755144205399847e+04 3.162278427020618778e+02
5.186686686686686699e+03 1.002675465051040956e+05 3.162278427020618778e+02
5.187387387387387207e+03 1.001112842542673461e+05 3.162278427020618778e+02
5.188088088088087716e+03 9.954388039596726594e+04 3.162278427020618778e+02
5.188788788788789134e+03 9.994554315104386478e+04 3.162278427020618778e+02
5.189489489489489642e+03 1.000144900742191821e+05 3.162278427020618778e+02
5.190190190190190151e+03 9.976413167550651997e+04 3.162278427020618778e+02
5.190890890890890660e+03 9.996727137260384916e+04 3.162278427020618778e+02
5.191591591591591168e+03 1.000758117111814208e+05 3.162278427020618778e+02
5.192292292292292586e+03 9.988529602789603814e+04 3.162278427020618778e+02
5.192992992992993095e+03 9.993054738349300169e+04 3.162278427020618778e+02
5.193693693693693604e+03 1.001019923787634907e+05 3.162278427020618778e+02
5.194394394394394112e+03 1.007382052455915546e+05 3.162278427020618778e+02
5.195095095095095530e+03 1.006476785855358758e+05 3.162278427020618778e+02
5.195795795795796039e+03 1.001945418286404019e+05 3.162278427020618778e+02
5.196496496496496547e+03 1.003119783075938612e+05 3.162278427020618778e+02
5.197197197197197056e+03 1.005167443720386800e+05 3.162278427020618778e+02
5.197897897897897565e+03 1.003261513170264516e+05 3.162278427020618778e+02
5.198598598598598983e+03 9.976717068445809127e+04 3.162278427020618778e+02
5.199299299299299491e+03 1.003376832484305924e+05 3.162278427020618778e+02
5.200000000000000000e+03 9.997967739068660012e+04 3.162278427020618778e+02
