# lambda 	 y 
4.500000000000000000e+03 1.004270000000000000e+05
4.500700700700700509e+03 9.986700000000000000e+04
4.501401401401401017e+03 9.973700000000000000e+04
4.502102102102102435e+03 9.987700000000000000e+04
4.502802802802802944e+03 9.995900000000000000e+04
4.503503503503503453e+03 9.984800000000000000e+04
4.504204204204203961e+03 9.989800000000000000e+04
4.504904904904904470e+03 9.980400000000000000e+04
4.505605605605605888e+03 9.964900000000000000e+04
4.506306306306306396e+03 9.991100000000000000e+04
4.507007007007006905e+03 9.954000000000000000e+04
4.507707707707707414e+03 1.000400000000000000e+05
4.508408408408408832e+03 1.002190000000000000e+05
4.509109109109109340e+03 9.977400000000000000e+04
4.509809809809809849e+03 9.987200000000000000e+04
4.510510510510510358e+03 9.999900000000000000e+04
4.511211211211210866e+03 1.005240000000000000e+05
4.511911911911912284e+03 9.970900000000000000e+04
4.512612612612612793e+03 1.001480000000000000e+05
4.513313313313313301e+03 9.990900000000000000e+04
4.514014014014013810e+03 1.003630000000000000e+05
4.514714714714714319e+03 9.992200000000000000e+04
4.515415415415415737e+03 1.005070000000000000e+05
4.516116116116116245e+03 9.978300000000000000e+04
4.516816816816816754e+03 9.968900000000000000e+04
4.517517517517517263e+03 9.963300000000000000e+04
4.518218218218217771e+03 9.989500000000000000e+04
4.518918918918919189e+03 9.962900000000000000e+04
4.519619619619619698e+03 9.991000000000000000e+04
4.520320320320320207e+03 1.001050000000000000e+05
4.521021021021020715e+03 9.982300000000000000e+04
4.521721721721722133e+03 9.962200000000000000e+04
4.522422422422422642e+03 1.000210000000000000e+05
4.523123123123123150e+03 1.004290000000000000e+05
4.523823823823823659e+03 9.998500000000000000e+04
4.524524524524524168e+03 9.945300000000000000e+04
4.525225225225225586e+03 1.000690000000000000e+05
4.525925925925926094e+03 1.004930000000000000e+05
4.526626626626626603e+03 1.003330000000000000e+05
4.527327327327327112e+03 1.002610000000000000e+05
4.528028028028027620e+03 9.976500000000000000e+04
4.528728728728729038e+03 9.995800000000000000e+04
4.529429429429429547e+03 9.934000000000000000e+04
4.530130130130130055e+03 1.002420000000000000e+05
4.530830830830830564e+03 9.974600000000000000e+04
4.531531531531531982e+03 9.992500000000000000e+04
4.532232232232232491e+03 9.994500000000000000e+04
4.532932932932932999e+03 9.991600000000000000e+04
4.533633633633633508e+03 1.001600000000000000e+05
4.534334334334334017e+03 1.002900000000000000e+05
4.535035035035035435e+03 9.970900000000000000e+04
4.535735735735735943e+03 1.002850000000000000e+05
4.536436436436436452e+03 9.993300000000000000e+04
4.537137137137136961e+03 1.002280000000000000e+05
4.537837837837837469e+03 9.985700000000000000e+04
4.538538538538538887e+03 9.991800000000000000e+04
4.539239239239239396e+03 1.000760000000000000e+05
4.539939939939939904e+03 1.001330000000000000e+05
4.540640640640640413e+03 1.005080000000000000e+05
4.541341341341340922e+03 1.002080000000000000e+05
4.542042042042042340e+03 9.999800000000000000e+04
4.542742742742742848e+03 1.002270000000000000e+05
4.543443443443443357e+03 9.977800000000000000e+04
4.544144144144143866e+03 1.005690000000000000e+05
4.544844844844845284e+03 9.990500000000000000e+04
4.545545545545545792e+03 1.003410000000000000e+05
4.546246246246246301e+03 1.003930000000000000e+05
4.546946946946946809e+03 1.000550000000000000e+05
4.547647647647647318e+03 9.933100000000000000e+04
4.548348348348348736e+03 1.003860000000000000e+05
4.549049049049049245e+03 1.002050000000000000e+05
4.549749749749749753e+03 1.005310000000000000e+05
4.550450450450450262e+03 1.003070000000000000e+05
4.551151151151150771e+03 1.000730000000000000e+05
4.551851851851852189e+03 9.974600000000000000e+04
4.552552552552552697e+03 1.000540000000000000e+05
4.553253253253253206e+03 1.003290000000000000e+05
4.553953953953953715e+03 9.958400000000000000e+04
4.554654654654654223e+03 9.949600000000000000e+04
4.555355355355355641e+03 1.001290000000000000e+05
4.556056056056056150e+03 9.958500000000000000e+04
4.556756756756756658e+03 9.988900000000000000e+04
4.557457457457457167e+03 9.979700000000000000e+04
4.558158158158158585e+03 9.974800000000000000e+04
4.558858858858859094e+03 1.002160000000000000e+05
4.559559559559559602e+03 9.949400000000000000e+04
4.560260260260260111e+03 1.000330000000000000e+05
4.560960960960960620e+03 1.000100000000000000e+05
4.561661661661662038e+03 9.960000000000000000e+04
4.562362362362362546e+03 9.995100000000000000e+04
4.563063063063063055e+03 9.992100000000000000e+04
4.563763763763763563e+03 9.990000000000000000e+04
4.564464464464464072e+03 9.967200000000000000e+04
4.565165165165165490e+03 9.994300000000000000e+04
4.565865865865865999e+03 9.997300000000000000e+04
4.566566566566566507e+03 1.002270000000000000e+05
4.567267267267267016e+03 9.982400000000000000e+04
4.567967967967967525e+03 1.002990000000000000e+05
4.568668668668668943e+03 1.001340000000000000e+05
4.569369369369369451e+03 9.955300000000000000e+04
4.570070070070069960e+03 9.961700000000000000e+04
4.570770770770770469e+03 1.000640000000000000e+05
4.571471471471471887e+03 9.983600000000000000e+04
4.572172172172172395e+03 9.993500000000000000e+04
4.572872872872872904e+03 1.000360000000000000e+05
4.573573573573573412e+03 1.004480000000000000e+05
4.574274274274273921e+03 9.991400000000000000e+04
4.574974974974975339e+03 1.000340000000000000e+05
4.575675675675675848e+03 9.997600000000000000e+04
4.576376376376376356e+03 1.002490000000000000e+05
4.577077077077076865e+03 9.983300000000000000e+04
4.577777777777777374e+03 1.003550000000000000e+05
4.578478478478478792e+03 1.000180000000000000e+05
4.579179179179179300e+03 9.994300000000000000e+04
4.579879879879879809e+03 9.973400000000000000e+04
4.580580580580580317e+03 1.001880000000000000e+05
4.581281281281280826e+03 9.998200000000000000e+04
4.581981981981982244e+03 1.000880000000000000e+05
4.582682682682682753e+03 1.000770000000000000e+05
4.583383383383383261e+03 9.989900000000000000e+04
4.584084084084083770e+03 1.000380000000000000e+05
4.584784784784785188e+03 9.963200000000000000e+04
4.585485485485485697e+03 1.002740000000000000e+05
4.586186186186186205e+03 1.000650000000000000e+05
4.586886886886886714e+03 1.006220000000000000e+05
4.587587587587587223e+03 1.000420000000000000e+05
4.588288288288288641e+03 1.000660000000000000e+05
4.588988988988989149e+03 9.933300000000000000e+04
4.589689689689689658e+03 9.995500000000000000e+04
4.590390390390390166e+03 9.995300000000000000e+04
4.591091091091090675e+03 1.005240000000000000e+05
4.591791791791792093e+03 1.001300000000000000e+05
4.592492492492492602e+03 1.004250000000000000e+05
4.593193193193193110e+03 1.000640000000000000e+05
4.593893893893893619e+03 1.002390000000000000e+05
4.594594594594595037e+03 9.988900000000000000e+04
4.595295295295295546e+03 1.000160000000000000e+05
4.595995995995996054e+03 1.005150000000000000e+05
4.596696696696696563e+03 1.001250000000000000e+05
4.597397397397397071e+03 9.988100000000000000e+04
4.598098098098098490e+03 9.998300000000000000e+04
4.598798798798798998e+03 9.997000000000000000e+04
4.599499499499499507e+03 9.990100000000000000e+04
4.600200200200200015e+03 1.003340000000000000e+05
4.600900900900900524e+03 1.008140000000000000e+05
4.601601601601601942e+03 1.004990000000000000e+05
4.602302302302302451e+03 9.918900000000000000e+04
4.603003003003002959e+03 9.997500000000000000e+04
4.603703703703703468e+03 1.003720000000000000e+05
4.604404404404403977e+03 9.981800000000000000e+04
4.605105105105105395e+03 1.002540000000000000e+05
4.605805805805805903e+03 9.968000000000000000e+04
4.606506506506506412e+03 1.001560000000000000e+05
4.607207207207206920e+03 9.925500000000000000e+04
4.607907907907908339e+03 9.987900000000000000e+04
4.608608608608608847e+03 1.000440000000000000e+05
4.609309309309309356e+03 9.979100000000000000e+04
4.610010010010009864e+03 9.972900000000000000e+04
4.610710710710710373e+03 1.005710000000000000e+05
4.611411411411411791e+03 9.958300000000000000e+04
4.612112112112112300e+03 9.951600000000000000e+04
4.612812812812812808e+03 9.960000000000000000e+04
4.613513513513513317e+03 9.990400000000000000e+04
4.614214214214213825e+03 9.995200000000000000e+04
4.614914914914915244e+03 9.976700000000000000e+04
4.615615615615615752e+03 9.987000000000000000e+04
4.616316316316316261e+03 1.004640000000000000e+05
4.617017017017016769e+03 1.001790000000000000e+05
4.617717717717717278e+03 1.001770000000000000e+05
4.618418418418418696e+03 1.004390000000000000e+05
4.619119119119119205e+03 1.000710000000000000e+05
4.619819819819819713e+03 9.950400000000000000e+04
4.620520520520520222e+03 1.003680000000000000e+05
4.621221221221221640e+03 9.968500000000000000e+04
4.621921921921922149e+03 9.922800000000000000e+04
4.622622622622622657e+03 1.004580000000000000e+05
4.623323323323323166e+03 9.984300000000000000e+04
4.624024024024023674e+03 1.007640000000000000e+05
4.624724724724725093e+03 1.006440000000000000e+05
4.625425425425425601e+03 1.002560000000000000e+05
4.626126126126126110e+03 1.006140000000000000e+05
4.626826826826826618e+03 9.978200000000000000e+04
4.627527527527527127e+03 1.001170000000000000e+05
4.628228228228228545e+03 1.005140000000000000e+05
4.628928928928929054e+03 9.959300000000000000e+04
4.629629629629629562e+03 9.955900000000000000e+04
4.630330330330330071e+03 1.005000000000000000e+05
4.631031031031030579e+03 9.984500000000000000e+04
4.631731731731731998e+03 1.002150000000000000e+05
4.632432432432432506e+03 1.000980000000000000e+05
4.633133133133133015e+03 1.000190000000000000e+05
4.633833833833833523e+03 9.973700000000000000e+04
4.634534534534534941e+03 1.001450000000000000e+05
4.635235235235235450e+03 9.957400000000000000e+04
4.635935935935935959e+03 1.003940000000000000e+05
4.636636636636636467e+03 1.001570000000000000e+05
4.637337337337336976e+03 9.969300000000000000e+04
4.638038038038038394e+03 9.982300000000000000e+04
4.638738738738738903e+03 9.983100000000000000e+04
4.639439439439439411e+03 9.996100000000000000e+04
4.640140140140139920e+03 1.000800000000000000e+05
4.640840840840840428e+03 1.001060000000000000e+05
4.641541541541541847e+03 9.966200000000000000e+04
4.642242242242242355e+03 1.000880000000000000e+05
4.642942942942942864e+03 1.003550000000000000e+05
4.643643643643643372e+03 1.002280000000000000e+05
4.644344344344344790e+03 9.979500000000000000e+04
4.645045045045045299e+03 9.996200000000000000e+04
4.645745745745745808e+03 9.982800000000000000e+04
4.646446446446446316e+03 9.986800000000000000e+04
4.647147147147146825e+03 1.001410000000000000e+05
4.647847847847848243e+03 1.000990000000000000e+05
4.648548548548548752e+03 1.001790000000000000e+05
4.649249249249249260e+03 9.948800000000000000e+04
4.649949949949949769e+03 1.004640000000000000e+05
4.650650650650650277e+03 9.996700000000000000e+04
4.651351351351351695e+03 1.000290000000000000e+05
4.652052052052052204e+03 1.002110000000000000e+05
4.652752752752752713e+03 1.001400000000000000e+05
4.653453453453453221e+03 1.003120000000000000e+05
4.654154154154153730e+03 9.992000000000000000e+04
4.654854854854855148e+03 9.970900000000000000e+04
4.655555555555555657e+03 1.004840000000000000e+05
4.656256256256256165e+03 9.933400000000000000e+04
4.656956956956956674e+03 1.000760000000000000e+05
4.657657657657658092e+03 1.004330000000000000e+05
4.658358358358358601e+03 9.982100000000000000e+04
4.659059059059059109e+03 1.002700000000000000e+05
4.659759759759759618e+03 9.984200000000000000e+04
4.660460460460460126e+03 1.000750000000000000e+05
4.661161161161161544e+03 1.000160000000000000e+05
4.661861861861862053e+03 9.995000000000000000e+04
4.662562562562562562e+03 1.003190000000000000e+05
4.663263263263263070e+03 1.000600000000000000e+05
4.663963963963963579e+03 9.943400000000000000e+04
4.664664664664664997e+03 1.000190000000000000e+05
4.665365365365365506e+03 1.001700000000000000e+05
4.666066066066066014e+03 1.004970000000000000e+05
4.666766766766766523e+03 9.945200000000000000e+04
4.667467467467467031e+03 9.981200000000000000e+04
4.668168168168168449e+03 1.002260000000000000e+05
4.668868868868868958e+03 9.953700000000000000e+04
4.669569569569569467e+03 1.000360000000000000e+05
4.670270270270269975e+03 1.000440000000000000e+05
4.670970970970971393e+03 1.001600000000000000e+05
4.671671671671671902e+03 9.999800000000000000e+04
4.672372372372372411e+03 1.002010000000000000e+05
4.673073073073072919e+03 9.996700000000000000e+04
4.673773773773773428e+03 1.001220000000000000e+05
4.674474474474474846e+03 1.001090000000000000e+05
4.675175175175175355e+03 9.982900000000000000e+04
4.675875875875875863e+03 9.966200000000000000e+04
4.676576576576576372e+03 9.983300000000000000e+04
4.677277277277276880e+03 9.989100000000000000e+04
4.677977977977978298e+03 1.000390000000000000e+05
4.678678678678678807e+03 1.001500000000000000e+05
4.679379379379379316e+03 1.006110000000000000e+05
4.680080080080079824e+03 1.003650000000000000e+05
4.680780780780780333e+03 9.977400000000000000e+04
4.681481481481481751e+03 9.964800000000000000e+04
4.682182182182182260e+03 1.003870000000000000e+05
4.682882882882882768e+03 9.988200000000000000e+04
4.683583583583583277e+03 9.995000000000000000e+04
4.684284284284284695e+03 1.001170000000000000e+05
4.684984984984985203e+03 1.000130000000000000e+05
4.685685685685685712e+03 1.001540000000000000e+05
4.686386386386386221e+03 1.001290000000000000e+05
4.687087087087086729e+03 1.006740000000000000e+05
4.687787787787788147e+03 1.002260000000000000e+05
4.688488488488488656e+03 9.918600000000000000e+04
4.689189189189189165e+03 1.002140000000000000e+05
4.689889889889889673e+03 9.984500000000000000e+04
4.690590590590590182e+03 9.978100000000000000e+04
4.691291291291291600e+03 1.000100000000000000e+05
4.691991991991992109e+03 9.995200000000000000e+04
4.692692692692692617e+03 9.964800000000000000e+04
4.693393393393393126e+03 1.000620000000000000e+05
4.694094094094094544e+03 9.979700000000000000e+04
4.694794794794795052e+03 1.001390000000000000e+05
4.695495495495495561e+03 9.951800000000000000e+04
4.696196196196196070e+03 1.000960000000000000e+05
4.696896896896896578e+03 9.956900000000000000e+04
4.697597597597597996e+03 1.003850000000000000e+05
4.698298298298298505e+03 9.930600000000000000e+04
4.698998998998999014e+03 1.000790000000000000e+05
4.699699699699699522e+03 1.003750000000000000e+05
4.700400400400400031e+03 1.002580000000000000e+05
4.701101101101101449e+03 9.974700000000000000e+04
4.701801801801801957e+03 9.987700000000000000e+04
4.702502502502502466e+03 1.001240000000000000e+05
4.703203203203202975e+03 9.949100000000000000e+04
4.703903903903903483e+03 1.002890000000000000e+05
4.704604604604604901e+03 1.001730000000000000e+05
4.705305305305305410e+03 1.004750000000000000e+05
4.706006006006005919e+03 9.989200000000000000e+04
4.706706706706706427e+03 9.989900000000000000e+04
4.707407407407406936e+03 9.963200000000000000e+04
4.708108108108108354e+03 1.003290000000000000e+05
4.708808808808808863e+03 1.001790000000000000e+05
4.709509509509509371e+03 1.004300000000000000e+05
4.710210210210209880e+03 1.000460000000000000e+05
4.710910910910911298e+03 1.000630000000000000e+05
4.711611611611611806e+03 1.002540000000000000e+05
4.712312312312312315e+03 9.988900000000000000e+04
4.713013013013012824e+03 9.938600000000000000e+04
4.713713713713713332e+03 1.003610000000000000e+05
4.714414414414414750e+03 1.001580000000000000e+05
4.715115115115115259e+03 9.985900000000000000e+04
4.715815815815815768e+03 9.975500000000000000e+04
4.716516516516516276e+03 1.004400000000000000e+05
4.717217217217216785e+03 9.986600000000000000e+04
4.717917917917918203e+03 9.956300000000000000e+04
4.718618618618618711e+03 9.990700000000000000e+04
4.719319319319319220e+03 9.972700000000000000e+04
4.720020020020019729e+03 9.987500000000000000e+04
4.720720720720721147e+03 1.004930000000000000e+05
4.721421421421421655e+03 1.002920000000000000e+05
4.722122122122122164e+03 9.980900000000000000e+04
4.722822822822822673e+03 9.957700000000000000e+04
4.723523523523523181e+03 1.002380000000000000e+05
4.724224224224224599e+03 1.001080000000000000e+05
4.724924924924925108e+03 1.001730000000000000e+05
4.725625625625625617e+03 9.973000000000000000e+04
4.726326326326326125e+03 9.934500000000000000e+04
4.727027027027026634e+03 1.004560000000000000e+05
4.727727727727728052e+03 9.990000000000000000e+04
4.728428428428428560e+03 9.987600000000000000e+04
4.729129129129129069e+03 9.982900000000000000e+04
4.729829829829829578e+03 9.999200000000000000e+04
4.730530530530530086e+03 9.960900000000000000e+04
4.731231231231231504e+03 1.005770000000000000e+05
4.731931931931932013e+03 1.001680000000000000e+05
4.732632632632632522e+03 1.003820000000000000e+05
4.733333333333333030e+03 1.002410000000000000e+05
4.734034034034034448e+03 9.955500000000000000e+04
4.734734734734734957e+03 1.004450000000000000e+05
4.735435435435435465e+03 9.970600000000000000e+04
4.736136136136135974e+03 1.001220000000000000e+05
4.736836836836836483e+03 9.957100000000000000e+04
4.737537537537537901e+03 1.001450000000000000e+05
4.738238238238238409e+03 1.005410000000000000e+05
4.738938938938938918e+03 9.999800000000000000e+04
4.739639639639639427e+03 1.002460000000000000e+05
4.740340340340339935e+03 9.978200000000000000e+04
4.741041041041041353e+03 1.001250000000000000e+05
4.741741741741741862e+03 9.977800000000000000e+04
4.742442442442442371e+03 9.978600000000000000e+04
4.743143143143142879e+03 1.005450000000000000e+05
4.743843843843844297e+03 1.002130000000000000e+05
4.744544544544544806e+03 9.999100000000000000e+04
4.745245245245245314e+03 9.993900000000000000e+04
4.745945945945945823e+03 1.003020000000000000e+05
4.746646646646646332e+03 1.001020000000000000e+05
4.747347347347347750e+03 9.935400000000000000e+04
4.748048048048048258e+03 1.001550000000000000e+05
4.748748748748748767e+03 9.987100000000000000e+04
4.749449449449449276e+03 9.976800000000000000e+04
4.750150150150149784e+03 1.002310000000000000e+05
4.750850850850851202e+03 9.970600000000000000e+04
4.751551551551551711e+03 1.000170000000000000e+05
4.752252252252252219e+03 9.984200000000000000e+04
4.752952952952952728e+03 9.955300000000000000e+04
4.753653653653653237e+03 9.961800000000000000e+04
4.754354354354354655e+03 1.004650000000000000e+05
4.755055055055055163e+03 9.956600000000000000e+04
4.755755755755755672e+03 1.001680000000000000e+05
4.756456456456456181e+03 9.992800000000000000e+04
4.757157157157156689e+03 1.001720000000000000e+05
4.757857857857858107e+03 9.994400000000000000e+04
4.758558558558558616e+03 1.002270000000000000e+05
4.759259259259259125e+03 1.001190000000000000e+05
4.759959959959959633e+03 9.949200000000000000e+04
4.760660660660661051e+03 9.993300000000000000e+04
4.761361361361361560e+03 9.966000000000000000e+04
4.762062062062062068e+03 1.003910000000000000e+05
4.762762762762762577e+03 1.004090000000000000e+05
4.763463463463463086e+03 1.001660000000000000e+05
4.764164164164164504e+03 1.004680000000000000e+05
4.764864864864865012e+03 9.972800000000000000e+04
4.765565565565565521e+03 9.967300000000000000e+04
4.766266266266266030e+03 9.949200000000000000e+04
4.766966966966966538e+03 9.966300000000000000e+04
4.767667667667667956e+03 1.001530000000000000e+05
4.768368368368368465e+03 1.001030000000000000e+05
4.769069069069068973e+03 1.001380000000000000e+05
4.769769769769769482e+03 1.000340000000000000e+05
4.770470470470470900e+03 1.000010000000000000e+05
4.771171171171171409e+03 1.000370000000000000e+05
4.771871871871871917e+03 1.000040000000000000e+05
4.772572572572572426e+03 9.955000000000000000e+04
4.773273273273272935e+03 1.003160000000000000e+05
4.773973973973974353e+03 9.998300000000000000e+04
4.774674674674674861e+03 9.980800000000000000e+04
4.775375375375375370e+03 1.005790000000000000e+05
4.776076076076075879e+03 9.988400000000000000e+04
4.776776776776776387e+03 9.921800000000000000e+04
4.777477477477477805e+03 9.980700000000000000e+04
4.778178178178178314e+03 9.998100000000000000e+04
4.778878878878878822e+03 9.959200000000000000e+04
4.779579579579579331e+03 1.001450000000000000e+05
4.780280280280279840e+03 9.981100000000000000e+04
4.780980980980981258e+03 9.998400000000000000e+04
4.781681681681681766e+03 1.001890000000000000e+05
4.782382382382382275e+03 1.001310000000000000e+05
4.783083083083082784e+03 1.001100000000000000e+05
4.783783783783783292e+03 9.943200000000000000e+04
4.784484484484484710e+03 9.975600000000000000e+04
4.785185185185185219e+03 1.003940000000000000e+05
4.785885885885885727e+03 9.995900000000000000e+04
4.786586586586586236e+03 1.004100000000000000e+05
4.787287287287287654e+03 1.001090000000000000e+05
4.787987987987988163e+03 1.002450000000000000e+05
4.788688688688688671e+03 9.938100000000000000e+04
4.789389389389389180e+03 1.003930000000000000e+05
4.790090090090089689e+03 1.002450000000000000e+05
4.790790790790791107e+03 1.001690000000000000e+05
4.791491491491491615e+03 1.000570000000000000e+05
4.792192192192192124e+03 1.004790000000000000e+05
4.792892892892892633e+03 1.005090000000000000e+05
4.793593593593594051e+03 1.002800000000000000e+05
4.794294294294294559e+03 1.000070000000000000e+05
4.794994994994995068e+03 9.957700000000000000e+04
4.795695695695695576e+03 9.981500000000000000e+04
4.796396396396396085e+03 9.950100000000000000e+04
4.797097097097097503e+03 9.977700000000000000e+04
4.797797797797798012e+03 9.983200000000000000e+04
4.798498498498498520e+03 9.997800000000000000e+04
4.799199199199199029e+03 9.967900000000000000e+04
4.799899899899899538e+03 1.003400000000000000e+05
4.800600600600600956e+03 9.989100000000000000e+04
4.801301301301301464e+03 9.928500000000000000e+04
4.802002002002001973e+03 9.927200000000000000e+04
4.802702702702702481e+03 9.984500000000000000e+04
4.803403403403402990e+03 9.980700000000000000e+04
4.804104104104104408e+03 1.000950000000000000e+05
4.804804804804804917e+03 9.991600000000000000e+04
4.805505505505505425e+03 1.001430000000000000e+05
4.806206206206205934e+03 9.982400000000000000e+04
4.806906906906906443e+03 9.973200000000000000e+04
4.807607607607607861e+03 1.011960000000000000e+05
4.808308308308308369e+03 1.001960000000000000e+05
4.809009009009008878e+03 9.950000000000000000e+04
4.809709709709709387e+03 1.002080000000000000e+05
4.810410410410410805e+03 1.001140000000000000e+05
4.811111111111111313e+03 9.973000000000000000e+04
4.811811811811811822e+03 9.946000000000000000e+04
4.812512512512512330e+03 9.973500000000000000e+04
4.813213213213212839e+03 9.993700000000000000e+04
4.813913913913914257e+03 1.000600000000000000e+05
4.814614614614614766e+03 9.999600000000000000e+04
4.815315315315315274e+03 1.002200000000000000e+05
4.816016016016015783e+03 1.000030000000000000e+05
4.816716716716716292e+03 9.979200000000000000e+04
4.817417417417417710e+03 9.940800000000000000e+04
4.818118118118118218e+03 1.001700000000000000e+05
4.818818818818818727e+03 9.976200000000000000e+04
4.819519519519519235e+03 1.001110000000000000e+05
4.820220220220220654e+03 1.004730000000000000e+05
4.820920920920921162e+03 9.958200000000000000e+04
4.821621621621621671e+03 1.008310000000000000e+05
4.822322322322322179e+03 1.001220000000000000e+05
4.823023023023022688e+03 9.960500000000000000e+04
4.823723723723724106e+03 9.990900000000000000e+04
4.824424424424424615e+03 1.001130000000000000e+05
4.825125125125125123e+03 1.003180000000000000e+05
4.825825825825825632e+03 9.986800000000000000e+04
4.826526526526526141e+03 1.004230000000000000e+05
4.827227227227227559e+03 9.990100000000000000e+04
4.827927927927928067e+03 9.974500000000000000e+04
4.828628628628628576e+03 1.002140000000000000e+05
4.829329329329329084e+03 9.999800000000000000e+04
4.830030030030029593e+03 1.002810000000000000e+05
4.830730730730731011e+03 1.001130000000000000e+05
4.831431431431431520e+03 1.002780000000000000e+05
4.832132132132132028e+03 1.004180000000000000e+05
4.832832832832832537e+03 1.001610000000000000e+05
4.833533533533533046e+03 1.001360000000000000e+05
4.834234234234234464e+03 1.004550000000000000e+05
4.834934934934934972e+03 1.003710000000000000e+05
4.835635635635635481e+03 1.003230000000000000e+05
4.836336336336335989e+03 1.003990000000000000e+05
4.837037037037037408e+03 9.993300000000000000e+04
4.837737737737737916e+03 9.967600000000000000e+04
4.838438438438438425e+03 9.992000000000000000e+04
4.839139139139138933e+03 9.994400000000000000e+04
4.839839839839839442e+03 9.981800000000000000e+04
4.840540540540540860e+03 9.982100000000000000e+04
4.841241241241241369e+03 1.001040000000000000e+05
4.841941941941941877e+03 1.001430000000000000e+05
4.842642642642642386e+03 1.001240000000000000e+05
4.843343343343343804e+03 9.975800000000000000e+04
4.844044044044044313e+03 1.003780000000000000e+05
4.844744744744744821e+03 1.002440000000000000e+05
4.845445445445445330e+03 9.979000000000000000e+04
4.846146146146145838e+03 9.976000000000000000e+04
4.846846846846847257e+03 9.983400000000000000e+04
4.847547547547547765e+03 1.004650000000000000e+05
4.848248248248248274e+03 9.984300000000000000e+04
4.848948948948948782e+03 9.952800000000000000e+04
4.849649649649649291e+03 9.967700000000000000e+04
4.850350350350350709e+03 9.982600000000000000e+04
4.851051051051051218e+03 9.962300000000000000e+04
4.851751751751751726e+03 9.993600000000000000e+04
4.852452452452452235e+03 9.995300000000000000e+04
4.853153153153152743e+03 1.001400000000000000e+05
4.853853853853854162e+03 9.973800000000000000e+04
4.854554554554554670e+03 9.993500000000000000e+04
4.855255255255255179e+03 9.980800000000000000e+04
4.855955955955955687e+03 1.007360000000000000e+05
4.856656656656656196e+03 9.942100000000000000e+04
4.857357357357357614e+03 9.963900000000000000e+04
4.858058058058058123e+03 9.964700000000000000e+04
4.858758758758758631e+03 9.954900000000000000e+04
4.859459459459459140e+03 1.000190000000000000e+05
4.860160160160160558e+03 1.005320000000000000e+05
4.860860860860861067e+03 9.976400000000000000e+04
4.861561561561561575e+03 9.964100000000000000e+04
4.862262262262262084e+03 9.956700000000000000e+04
4.862962962962962592e+03 1.004050000000000000e+05
4.863663663663664011e+03 9.958700000000000000e+04
4.864364364364364519e+03 9.959500000000000000e+04
4.865065065065065028e+03 9.960400000000000000e+04
4.865765765765765536e+03 1.000590000000000000e+05
4.866466466466466045e+03 9.985600000000000000e+04
4.867167167167167463e+03 9.972200000000000000e+04
4.867867867867867972e+03 1.002030000000000000e+05
4.868568568568568480e+03 1.003090000000000000e+05
4.869269269269268989e+03 1.001910000000000000e+05
4.869969969969970407e+03 1.001040000000000000e+05
4.870670670670670916e+03 9.974000000000000000e+04
4.871371371371371424e+03 9.950700000000000000e+04
4.872072072072071933e+03 1.005560000000000000e+05
4.872772772772772441e+03 9.951300000000000000e+04
4.873473473473473859e+03 1.005890000000000000e+05
4.874174174174174368e+03 9.955800000000000000e+04
4.874874874874874877e+03 1.005250000000000000e+05
4.875575575575575385e+03 1.000780000000000000e+05
4.876276276276275894e+03 1.004790000000000000e+05
4.876976976976977312e+03 1.001930000000000000e+05
4.877677677677677821e+03 9.989300000000000000e+04
4.878378378378378329e+03 1.000350000000000000e+05
4.879079079079078838e+03 9.973600000000000000e+04
4.879779779779779346e+03 1.000270000000000000e+05
4.880480480480480765e+03 1.002390000000000000e+05
4.881181181181181273e+03 9.999600000000000000e+04
4.881881881881881782e+03 1.001300000000000000e+05
4.882582582582582290e+03 1.003280000000000000e+05
4.883283283283282799e+03 9.943900000000000000e+04
4.883983983983984217e+03 9.953000000000000000e+04
4.884684684684684726e+03 1.001030000000000000e+05
4.885385385385385234e+03 1.002940000000000000e+05
4.886086086086085743e+03 9.984600000000000000e+04
4.886786786786787161e+03 9.982500000000000000e+04
4.887487487487487670e+03 9.996200000000000000e+04
4.888188188188188178e+03 1.003760000000000000e+05
4.888888888888888687e+03 1.001280000000000000e+05
4.889589589589589195e+03 1.002550000000000000e+05
4.890290290290290613e+03 1.001230000000000000e+05
4.890990990990991122e+03 1.002970000000000000e+05
4.891691691691691631e+03 1.001030000000000000e+05
4.892392392392392139e+03 1.002030000000000000e+05
4.893093093093093557e+03 9.995800000000000000e+04
4.893793793793794066e+03 9.981800000000000000e+04
4.894494494494494575e+03 1.001380000000000000e+05
4.895195195195195083e+03 1.004780000000000000e+05
4.895895895895895592e+03 9.982300000000000000e+04
4.896596596596597010e+03 9.973300000000000000e+04
4.897297297297297519e+03 1.011510000000000000e+05
4.897997997997998027e+03 1.001800000000000000e+05
4.898698698698698536e+03 1.004010000000000000e+05
4.899399399399399044e+03 1.000960000000000000e+05
4.900100100100100462e+03 1.004580000000000000e+05
4.900800800800800971e+03 1.003200000000000000e+05
4.901501501501501480e+03 9.987700000000000000e+04
4.902202202202201988e+03 1.000930000000000000e+05
4.902902902902902497e+03 1.006890000000000000e+05
4.903603603603603915e+03 1.002650000000000000e+05
4.904304304304304424e+03 9.994900000000000000e+04
4.905005005005004932e+03 1.001070000000000000e+05
4.905705705705705441e+03 9.992300000000000000e+04
4.906406406406405949e+03 1.000960000000000000e+05
4.907107107107107367e+03 9.990700000000000000e+04
4.907807807807807876e+03 1.001870000000000000e+05
4.908508508508508385e+03 1.000820000000000000e+05
4.909209209209208893e+03 1.001990000000000000e+05
4.909909909909910311e+03 9.953500000000000000e+04
4.910610610610610820e+03 1.002280000000000000e+05
4.911311311311311329e+03 1.001910000000000000e+05
4.912012012012011837e+03 9.969200000000000000e+04
4.912712712712712346e+03 1.002290000000000000e+05
4.913413413413413764e+03 1.000970000000000000e+05
4.914114114114114273e+03 9.999300000000000000e+04
4.914814814814814781e+03 9.983500000000000000e+04
4.915515515515515290e+03 9.935200000000000000e+04
4.916216216216215798e+03 9.954200000000000000e+04
4.916916916916917216e+03 1.000730000000000000e+05
4.917617617617617725e+03 9.998900000000000000e+04
4.918318318318318234e+03 1.003910000000000000e+05
4.919019019019018742e+03 9.965100000000000000e+04
4.919719719719720160e+03 9.979800000000000000e+04
4.920420420420420669e+03 9.947900000000000000e+04
4.921121121121121178e+03 9.969200000000000000e+04
4.921821821821821686e+03 1.003720000000000000e+05
4.922522522522522195e+03 1.001710000000000000e+05
4.923223223223223613e+03 9.983200000000000000e+04
4.923923923923924121e+03 1.004030000000000000e+05
4.924624624624624630e+03 9.952300000000000000e+04
4.925325325325325139e+03 1.001000000000000000e+05
4.926026026026025647e+03 9.943800000000000000e+04
4.926726726726727065e+03 9.998400000000000000e+04
4.927427427427427574e+03 9.950500000000000000e+04
4.928128128128128083e+03 1.001370000000000000e+05
4.928828828828828591e+03 9.951600000000000000e+04
4.929529529529529100e+03 1.003750000000000000e+05
4.930230230230230518e+03 9.999700000000000000e+04
4.930930930930931027e+03 1.003760000000000000e+05
4.931631631631631535e+03 1.006480000000000000e+05
4.932332332332332044e+03 1.002940000000000000e+05
4.933033033033032552e+03 9.969900000000000000e+04
4.933733733733733970e+03 9.986300000000000000e+04
4.934434434434434479e+03 1.001760000000000000e+05
4.935135135135134988e+03 9.973600000000000000e+04
4.935835835835835496e+03 1.002250000000000000e+05
4.936536536536536914e+03 1.005130000000000000e+05
4.937237237237237423e+03 1.000510000000000000e+05
4.937937937937937932e+03 9.993400000000000000e+04
4.938638638638638440e+03 1.004970000000000000e+05
4.939339339339338949e+03 1.004260000000000000e+05
4.940040040040040367e+03 9.961100000000000000e+04
4.940740740740740875e+03 1.003500000000000000e+05
4.941441441441441384e+03 1.002010000000000000e+05
4.942142142142141893e+03 1.002380000000000000e+05
4.942842842842842401e+03 9.960100000000000000e+04
4.943543543543543819e+03 1.001610000000000000e+05
4.944244244244244328e+03 1.000360000000000000e+05
4.944944944944944837e+03 1.001810000000000000e+05
4.945645645645645345e+03 1.004010000000000000e+05
4.946346346346346763e+03 1.000190000000000000e+05
4.947047047047047272e+03 1.007310000000000000e+05
4.947747747747747781e+03 1.001280000000000000e+05
4.948448448448448289e+03 1.004010000000000000e+05
4.949149149149148798e+03 1.005050000000000000e+05
4.949849849849850216e+03 1.007350000000000000e+05
4.950550550550550724e+03 1.004810000000000000e+05
4.951251251251251233e+03 1.007730000000000000e+05
4.951951951951951742e+03 1.010570000000000000e+05
4.952652652652652250e+03 1.012210000000000000e+05
4.953353353353353668e+03 1.006430000000000000e+05
4.954054054054054177e+03 1.006480000000000000e+05
4.954754754754754686e+03 1.010570000000000000e+05
4.955455455455455194e+03 1.009730000000000000e+05
4.956156156156155703e+03 1.011010000000000000e+05
4.956856856856857121e+03 1.003090000000000000e+05
4.957557557557557629e+03 1.010890000000000000e+05
4.958258258258258138e+03 1.007390000000000000e+05
4.958958958958958647e+03 1.007000000000000000e+05
4.959659659659660065e+03 1.011840000000000000e+05
4.960360360360360573e+03 1.003820000000000000e+05
4.961061061061061082e+03 1.004370000000000000e+05
4.961761761761761591e+03 1.009390000000000000e+05
4.962462462462462099e+03 1.007800000000000000e+05
4.963163163163163517e+03 1.007700000000000000e+05
4.963863863863864026e+03 1.008810000000000000e+05
4.964564564564564535e+03 1.007640000000000000e+05
4.965265265265265043e+03 1.001910000000000000e+05
4.965965965965965552e+03 1.009960000000000000e+05
4.966666666666666970e+03 1.002170000000000000e+05
4.967367367367367478e+03 1.006720000000000000e+05
4.968068068068067987e+03 1.005870000000000000e+05
4.968768768768768496e+03 1.010050000000000000e+05
4.969469469469469914e+03 9.976200000000000000e+04
4.970170170170170422e+03 1.001390000000000000e+05
4.970870870870870931e+03 1.000340000000000000e+05
4.971571571571571440e+03 1.007300000000000000e+05
4.972272272272271948e+03 1.002670000000000000e+05
4.972972972972973366e+03 1.000570000000000000e+05
4.973673673673673875e+03 1.001010000000000000e+05
4.974374374374374383e+03 1.006830000000000000e+05
4.975075075075074892e+03 1.000380000000000000e+05
4.975775775775775401e+03 1.004280000000000000e+05
4.976476476476476819e+03 1.001280000000000000e+05
4.977177177177177327e+03 1.000200000000000000e+05
4.977877877877877836e+03 9.959400000000000000e+04
4.978578578578578345e+03 1.006270000000000000e+05
4.979279279279278853e+03 1.005550000000000000e+05
4.979979979979980271e+03 9.983000000000000000e+04
4.980680680680680780e+03 1.002930000000000000e+05
4.981381381381381289e+03 9.987300000000000000e+04
4.982082082082081797e+03 9.985400000000000000e+04
4.982782782782782306e+03 1.003530000000000000e+05
4.983483483483483724e+03 9.971600000000000000e+04
4.984184184184184232e+03 1.000810000000000000e+05
4.984884884884884741e+03 1.000620000000000000e+05
4.985585585585585250e+03 1.000480000000000000e+05
4.986286286286286668e+03 1.003150000000000000e+05
4.986986986986987176e+03 1.002310000000000000e+05
4.987687687687687685e+03 1.003870000000000000e+05
4.988388388388388194e+03 1.005910000000000000e+05
4.989089089089088702e+03 1.001460000000000000e+05
4.989789789789790120e+03 1.006310000000000000e+05
4.990490490490490629e+03 1.002420000000000000e+05
4.991191191191191137e+03 1.011140000000000000e+05
4.991891891891891646e+03 1.009700000000000000e+05
4.992592592592592155e+03 1.005370000000000000e+05
4.993293293293293573e+03 1.016290000000000000e+05
4.993993993993994081e+03 1.009240000000000000e+05
4.994694694694694590e+03 1.004470000000000000e+05
4.995395395395395099e+03 1.012870000000000000e+05
4.996096096096096517e+03 1.010920000000000000e+05
4.996796796796797025e+03 1.016390000000000000e+05
4.997497497497497534e+03 1.011740000000000000e+05
4.998198198198198043e+03 1.013450000000000000e+05
4.998898898898898551e+03 1.020540000000000000e+05
4.999599599599599969e+03 1.019260000000000000e+05
5.000300300300300478e+03 1.021250000000000000e+05
5.001001001001000986e+03 1.018160000000000000e+05
5.001701701701701495e+03 1.016670000000000000e+05
5.002402402402402004e+03 1.024270000000000000e+05
5.003103103103103422e+03 1.019480000000000000e+05
5.003803803803803930e+03 1.022050000000000000e+05
5.004504504504504439e+03 1.022630000000000000e+05
5.005205205205204948e+03 1.022720000000000000e+05
5.005905905905905456e+03 1.029590000000000000e+05
5.006606606606606874e+03 1.022910000000000000e+05
5.007307307307307383e+03 1.027550000000000000e+05
5.008008008008007891e+03 1.027070000000000000e+05
5.008708708708708400e+03 1.028130000000000000e+05
5.009409409409408909e+03 1.025440000000000000e+05
5.010110110110110327e+03 1.019390000000000000e+05
5.010810810810810835e+03 1.022380000000000000e+05
5.011511511511511344e+03 1.025240000000000000e+05
5.012212212212211853e+03 1.019570000000000000e+05
5.012912912912913271e+03 1.017810000000000000e+05
5.013613613613613779e+03 1.025180000000000000e+05
5.014314314314314288e+03 1.018560000000000000e+05
5.015015015015014797e+03 1.014440000000000000e+05
5.015715715715715305e+03 1.016270000000000000e+05
5.016416416416416723e+03 1.016550000000000000e+05
5.017117117117117232e+03 1.022660000000000000e+05
5.017817817817817740e+03 1.011670000000000000e+05
5.018518518518518249e+03 1.013980000000000000e+05
5.019219219219219667e+03 1.012400000000000000e+05
5.019919919919920176e+03 1.006330000000000000e+05
5.020620620620620684e+03 1.008610000000000000e+05
5.021321321321321193e+03 1.013450000000000000e+05
5.022022022022021702e+03 1.009800000000000000e+05
5.022722722722723120e+03 1.006880000000000000e+05
5.023423423423423628e+03 1.005520000000000000e+05
5.024124124124124137e+03 9.977200000000000000e+04
5.024824824824824645e+03 1.003970000000000000e+05
5.025525525525525154e+03 9.987500000000000000e+04
5.026226226226226572e+03 1.008560000000000000e+05
5.026926926926927081e+03 1.006160000000000000e+05
5.027627627627627589e+03 1.004360000000000000e+05
5.028328328328328098e+03 9.985600000000000000e+04
5.029029029029028607e+03 1.002510000000000000e+05
5.029729729729730025e+03 1.001420000000000000e+05
5.030430430430430533e+03 1.002470000000000000e+05
5.031131131131131042e+03 1.002010000000000000e+05
5.031831831831831551e+03 1.002040000000000000e+05
5.032532532532532059e+03 1.000210000000000000e+05
5.033233233233233477e+03 9.990700000000000000e+04
5.033933933933933986e+03 9.957400000000000000e+04
5.034634634634634494e+03 1.000830000000000000e+05
5.035335335335335003e+03 1.000890000000000000e+05
5.036036036036035512e+03 9.973800000000000000e+04
5.036736736736736930e+03 1.005970000000000000e+05
5.037437437437437438e+03 1.002750000000000000e+05
5.038138138138137947e+03 9.982000000000000000e+04
5.038838838838838456e+03 1.003250000000000000e+05
5.039539539539539874e+03 9.987400000000000000e+04
5.040240240240240382e+03 9.999600000000000000e+04
5.040940940940940891e+03 1.001400000000000000e+05
5.041641641641641399e+03 1.002030000000000000e+05
5.042342342342342818e+03 1.000350000000000000e+05
5.043043043043043326e+03 1.005100000000000000e+05
5.043743743743743835e+03 9.967300000000000000e+04
5.044444444444444343e+03 1.001820000000000000e+05
5.045145145145144852e+03 1.001230000000000000e+05
5.045845845845846270e+03 1.002010000000000000e+05
5.046546546546546779e+03 9.962400000000000000e+04
5.047247247247247287e+03 1.002240000000000000e+05
5.047947947947947796e+03 9.988300000000000000e+04
5.048648648648648305e+03 1.002060000000000000e+05
5.049349349349349723e+03 9.980500000000000000e+04
5.050050050050050231e+03 1.002380000000000000e+05
5.050750750750750740e+03 1.003140000000000000e+05
5.051451451451451248e+03 1.003960000000000000e+05
5.052152152152151757e+03 9.965800000000000000e+04
5.052852852852853175e+03 9.997700000000000000e+04
5.053553553553553684e+03 1.001480000000000000e+05
5.054254254254254192e+03 1.001610000000000000e+05
5.054954954954954701e+03 1.001320000000000000e+05
5.055655655655655210e+03 9.992500000000000000e+04
5.056356356356356628e+03 1.004740000000000000e+05
5.057057057057057136e+03 9.999900000000000000e+04
5.057757757757757645e+03 1.005450000000000000e+05
5.058458458458458153e+03 1.001730000000000000e+05
5.059159159159158662e+03 9.946200000000000000e+04
5.059859859859860080e+03 9.995300000000000000e+04
5.060560560560560589e+03 1.002490000000000000e+05
5.061261261261261097e+03 9.989500000000000000e+04
5.061961961961961606e+03 9.976800000000000000e+04
5.062662662662663024e+03 1.004270000000000000e+05
5.063363363363363533e+03 9.967700000000000000e+04
5.064064064064064041e+03 1.000040000000000000e+05
5.064764764764764550e+03 1.006780000000000000e+05
5.065465465465465059e+03 9.985600000000000000e+04
5.066166166166166477e+03 1.000280000000000000e+05
5.066866866866866985e+03 9.992700000000000000e+04
5.067567567567567494e+03 1.004750000000000000e+05
5.068268268268268002e+03 9.992500000000000000e+04
5.068968968968969421e+03 1.001550000000000000e+05
5.069669669669669929e+03 9.995300000000000000e+04
5.070370370370370438e+03 1.000450000000000000e+05
5.071071071071070946e+03 1.002290000000000000e+05
5.071771771771771455e+03 1.000230000000000000e+05
5.072472472472472873e+03 1.001000000000000000e+05
5.073173173173173382e+03 9.979800000000000000e+04
5.073873873873873890e+03 9.943800000000000000e+04
5.074574574574574399e+03 1.006960000000000000e+05
5.075275275275274907e+03 9.996100000000000000e+04
5.075975975975976326e+03 9.992300000000000000e+04
5.076676676676676834e+03 1.000360000000000000e+05
5.077377377377377343e+03 1.000980000000000000e+05
5.078078078078077851e+03 1.008360000000000000e+05
5.078778778778778360e+03 9.979600000000000000e+04
5.079479479479479778e+03 9.956100000000000000e+04
5.080180180180180287e+03 1.001550000000000000e+05
5.080880880880880795e+03 9.963700000000000000e+04
5.081581581581581304e+03 9.985200000000000000e+04
5.082282282282281813e+03 1.002560000000000000e+05
5.082982982982983231e+03 9.995100000000000000e+04
5.083683683683683739e+03 9.949300000000000000e+04
5.084384384384384248e+03 9.966000000000000000e+04
5.085085085085084756e+03 9.936800000000000000e+04
5.085785785785785265e+03 1.002360000000000000e+05
5.086486486486486683e+03 1.004740000000000000e+05
5.087187187187187192e+03 9.976200000000000000e+04
5.087887887887887700e+03 9.970100000000000000e+04
5.088588588588588209e+03 1.000840000000000000e+05
5.089289289289289627e+03 9.934200000000000000e+04
5.089989989989990136e+03 1.002310000000000000e+05
5.090690690690690644e+03 1.002700000000000000e+05
5.091391391391391153e+03 1.001070000000000000e+05
5.092092092092092571e+03 9.944200000000000000e+04
5.092792792792793080e+03 1.003210000000000000e+05
5.093493493493493588e+03 1.005740000000000000e+05
5.094194194194194097e+03 9.977100000000000000e+04
5.094894894894894605e+03 1.002390000000000000e+05
5.095595595595596023e+03 1.000110000000000000e+05
5.096296296296296532e+03 1.002160000000000000e+05
5.096996996996997041e+03 1.006720000000000000e+05
5.097697697697697549e+03 1.002810000000000000e+05
5.098398398398398058e+03 9.971300000000000000e+04
5.099099099099099476e+03 9.986200000000000000e+04
5.099799799799799985e+03 1.002840000000000000e+05
5.100500500500500493e+03 1.002190000000000000e+05
5.101201201201201002e+03 9.983100000000000000e+04
5.101901901901901510e+03 1.001600000000000000e+05
5.102602602602602929e+03 1.001170000000000000e+05
5.103303303303303437e+03 1.000070000000000000e+05
5.104004004004003946e+03 1.000970000000000000e+05
5.104704704704704454e+03 1.001180000000000000e+05
5.105405405405404963e+03 1.005820000000000000e+05
5.106106106106106381e+03 1.001300000000000000e+05
5.106806806806806890e+03 9.949200000000000000e+04
5.107507507507507398e+03 1.004080000000000000e+05
5.108208208208207907e+03 9.983700000000000000e+04
5.108908908908908415e+03 9.993200000000000000e+04
5.109609609609609834e+03 9.983300000000000000e+04
5.110310310310310342e+03 1.001630000000000000e+05
5.111011011011010851e+03 1.003730000000000000e+05
5.111711711711711359e+03 1.000490000000000000e+05
5.112412412412412777e+03 9.976400000000000000e+04
5.113113113113113286e+03 9.969900000000000000e+04
5.113813813813813795e+03 9.998900000000000000e+04
5.114514514514514303e+03 9.999500000000000000e+04
5.115215215215214812e+03 9.984100000000000000e+04
5.115915915915916230e+03 9.995200000000000000e+04
5.116616616616616739e+03 9.978500000000000000e+04
5.117317317317317247e+03 1.001590000000000000e+05
5.118018018018017756e+03 9.979600000000000000e+04
5.118718718718719174e+03 1.003710000000000000e+05
5.119419419419419683e+03 9.957500000000000000e+04
5.120120120120120191e+03 1.001030000000000000e+05
5.120820820820820700e+03 1.005850000000000000e+05
5.121521521521521208e+03 1.002040000000000000e+05
5.122222222222222626e+03 1.005120000000000000e+05
5.122922922922923135e+03 9.996200000000000000e+04
5.123623623623623644e+03 9.920800000000000000e+04
5.124324324324324152e+03 9.987400000000000000e+04
5.125025025025024661e+03 9.988800000000000000e+04
5.125725725725726079e+03 9.998200000000000000e+04
5.126426426426426588e+03 1.000860000000000000e+05
5.127127127127127096e+03 1.002820000000000000e+05
5.127827827827827605e+03 1.000910000000000000e+05
5.128528528528528113e+03 9.975400000000000000e+04
5.129229229229229531e+03 1.000950000000000000e+05
5.129929929929930040e+03 9.990000000000000000e+04
5.130630630630630549e+03 9.992300000000000000e+04
5.131331331331331057e+03 9.972700000000000000e+04
5.132032032032031566e+03 9.990700000000000000e+04
5.132732732732732984e+03 9.949000000000000000e+04
5.133433433433433493e+03 1.005870000000000000e+05
5.134134134134134001e+03 1.000130000000000000e+05
5.134834834834834510e+03 1.003240000000000000e+05
5.135535535535535018e+03 9.987700000000000000e+04
5.136236236236236437e+03 1.000000000000000000e+05
5.136936936936936945e+03 9.887100000000000000e+04
5.137637637637637454e+03 9.996000000000000000e+04
5.138338338338337962e+03 9.986900000000000000e+04
5.139039039039039380e+03 1.001160000000000000e+05
5.139739739739739889e+03 9.982700000000000000e+04
5.140440440440440398e+03 1.003710000000000000e+05
5.141141141141140906e+03 1.001010000000000000e+05
5.141841841841842324e+03 9.996800000000000000e+04
5.142542542542542833e+03 9.991000000000000000e+04
5.143243243243243342e+03 1.005860000000000000e+05
5.143943943943943850e+03 1.000860000000000000e+05
5.144644644644644359e+03 1.003030000000000000e+05
5.145345345345345777e+03 1.002570000000000000e+05
5.146046046046046285e+03 9.995900000000000000e+04
5.146746746746746794e+03 9.964000000000000000e+04
5.147447447447447303e+03 1.000950000000000000e+05
5.148148148148147811e+03 1.001240000000000000e+05
5.148848848848849229e+03 1.002550000000000000e+05
5.149549549549549738e+03 9.957600000000000000e+04
5.150250250250250247e+03 1.001410000000000000e+05
5.150950950950950755e+03 1.000510000000000000e+05
5.151651651651651264e+03 1.004560000000000000e+05
5.152352352352352682e+03 1.005530000000000000e+05
5.153053053053053191e+03 9.999000000000000000e+04
5.153753753753753699e+03 9.967500000000000000e+04
5.154454454454454208e+03 1.003640000000000000e+05
5.155155155155154716e+03 1.001990000000000000e+05
5.155855855855856134e+03 1.001590000000000000e+05
5.156556556556556643e+03 1.000320000000000000e+05
5.157257257257257152e+03 9.986300000000000000e+04
5.157957957957957660e+03 9.976900000000000000e+04
5.158658658658658169e+03 9.978200000000000000e+04
5.159359359359359587e+03 9.959500000000000000e+04
5.160060060060060096e+03 9.959300000000000000e+04
5.160760760760760604e+03 9.981000000000000000e+04
5.161461461461461113e+03 1.001590000000000000e+05
5.162162162162162531e+03 1.001160000000000000e+05
5.162862862862863039e+03 1.003950000000000000e+05
5.163563563563563548e+03 1.001960000000000000e+05
5.164264264264264057e+03 9.961800000000000000e+04
5.164964964964964565e+03 9.980100000000000000e+04
5.165665665665665983e+03 1.001210000000000000e+05
5.166366366366366492e+03 1.004570000000000000e+05
5.167067067067067001e+03 1.009900000000000000e+05
5.167767767767767509e+03 1.005350000000000000e+05
5.168468468468468927e+03 9.922100000000000000e+04
5.169169169169169436e+03 9.980200000000000000e+04
5.169869869869869945e+03 1.002160000000000000e+05
5.170570570570570453e+03 9.998100000000000000e+04
5.171271271271270962e+03 9.975300000000000000e+04
5.171971971971972380e+03 1.004990000000000000e+05
5.172672672672672888e+03 9.981200000000000000e+04
5.173373373373373397e+03 1.002820000000000000e+05
5.174074074074073906e+03 9.976500000000000000e+04
5.174774774774774414e+03 1.000860000000000000e+05
5.175475475475475832e+03 1.001690000000000000e+05
5.176176176176176341e+03 1.004940000000000000e+05
5.176876876876876850e+03 9.997100000000000000e+04
5.177577577577577358e+03 9.959400000000000000e+04
5.178278278278277867e+03 1.001710000000000000e+05
5.178978978978979285e+03 9.944200000000000000e+04
5.179679679679679793e+03 1.003930000000000000e+05
5.180380380380380302e+03 1.004850000000000000e+05
5.181081081081080811e+03 9.990700000000000000e+04
5.181781781781781319e+03 1.002240000000000000e+05
5.182482482482482737e+03 1.003370000000000000e+05
5.183183183183183246e+03 9.992100000000000000e+04
5.183883883883883755e+03 1.005390000000000000e+05
5.184584584584584263e+03 9.994100000000000000e+04
5.185285285285284772e+03 9.957700000000000000e+04
5.185985985985986190e+03 9.999800000000000000e+04
5.186686686686686699e+03 9.985000000000000000e+04
5.187387387387387207e+03 1.004200000000000000e+05
5.188088088088087716e+03 1.005260000000000000e+05
5.188788788788789134e+03 1.003560000000000000e+05
5.189489489489489642e+03 1.004880000000000000e+05
5.190190190190190151e+03 1.004200000000000000e+05
5.190890890890890660e+03 1.002610000000000000e+05
5.191591591591591168e+03 9.963100000000000000e+04
5.192292292292292586e+03 9.935000000000000000e+04
5.192992992992993095e+03 9.991600000000000000e+04
5.193693693693693604e+03 9.980500000000000000e+04
5.194394394394394112e+03 1.002310000000000000e+05
5.195095095095095530e+03 9.990200000000000000e+04
5.195795795795796039e+03 9.972500000000000000e+04
5.196496496496496547e+03 1.001530000000000000e+05
5.197197197197197056e+03 9.970500000000000000e+04
5.197897897897897565e+03 9.965400000000000000e+04
5.198598598598598983e+03 1.000140000000000000e+05
5.199299299299299491e+03 1.001300000000000000e+05
5.200000000000000000e+03 1.001570000000000000e+05
