4.652453154250368243e+03
4.664145532560516585e+03
4.650537841893562472e+03
4.638206073829741399e+03
4.650887658585139434e+03
4.643417153984626566e+03
4.640728066475352534e+03
4.648671997873429063e+03
4.657356131993746203e+03
4.649387189185055831e+03
4.656076910941315873e+03
4.641365411771093022e+03
4.648603609663360658e+03
4.628061266189692105e+03
4.658452270724068512e+03
4.653950284805624506e+03
4.645997160095967047e+03
4.667970227216572312e+03
4.661236034757368543e+03
4.636204564737494366e+03
